MyMainGIS/bin/Debug/Data/DLS_Input/lowRisk_basic/sc1gr0.grid
ncols         442
nrows         735
xllcorner     -502080.37185814
yllcorner     2671876.5851211
cellsize      100
NODATA_value  -9999
[rows 180 to 209 of 735, columns 136 to 203 of 442]
0.61225 0.6089113 0.605688 0.6015729 0.5986259 0.598656 0.5950975 0.592574 0.5901771 0.5871806 0.5880077 0.5860529 0.5836523 0.5820077 0.580498 0.5816674 0.5804825 0.5794351 0.5782534 0.5775292 0.5799397 0.5793807 0.5791243 0.5790077 0.579 0.582 0.5820696 0.5823787 0.5827727 0.5833052 0.5842302 0.5880689 0.5890552 0.5905811 0.5918826 0.5933177 0.5983853 0.6001199 0.6019842 0.6046693 0.6068311 0.6120147 0.6152414 0.6178034 0.6204853 0.6242452 0.6300285 0.6330853 0.6373358 0.6406528 0.6440784 0.6515597 0.6552168 0.6589764 0.6641461 0.6681385 0.6722276 0.6804711 0.6847627 0.6891451 0.6951266 0.6997142 0.7069442 0.7132812 0.7181288 0.723056 0.7297465 0.7373167
0.6011539 0.5977533 0.5944695 0.5902762 0.5872725 0.5872418 0.5836137 0.5810404 0.5785957 0.5755389 0.5763202 0.5743257 0.5718759 0.5701973 0.5686563 0.5697868 0.5685772 0.5675077 0.5663012 0.5655617 0.5679595 0.5673888 0.5671269 0.567008 0.567 0.57 0.570071 0.5703867 0.5707889 0.5713327 0.5752651 0.5761328 0.5771395 0.5786968 0.580025 0.5814894 0.5865978 0.5883672 0.5902686 0.5930067 0.5952109 0.6004348 0.6037235 0.6063341 0.6090665 0.6128964 0.6187277 0.62184 0.6261669 0.6295426 0.6330284 0.6405826 0.644302 0.648125 0.6533804 0.6574382 0.6615936 0.6699142 0.674273 0.678723 0.6847956 0.6894519 0.6967367 0.7031657 0.7080826 0.7130793 0.7198625 0.7274861
0.592855 0.5894065 0.5860759 0.5818221 0.5816055 0.5786968 0.5750148 0.5724028 0.569921 0.5668174 0.5675632 0.5655378 0.5630497 0.5613448 0.5597795 0.5608797 0.5596508 0.5585642 0.5573384 0.5565869 0.5589749 0.558395 0.558129 0.5580081 0.558 0.561 0.5610722 0.5613929 0.5618016 0.562354 0.5663012 0.5671825 0.5682051 0.5697868 0.5711357 0.5726229 0.577763 0.5795593 0.5814894 0.5842687 0.5865058 0.5917609 0.5950975 0.598656 0.6014682 0.6054057 0.6113085 0.6145023 0.6189386 0.6223969 0.6259657 0.6336182 0.6374206 0.6413268 0.6466931 0.6508341 0.6550725 0.6634885 0.6679296 0.6724619 0.6786435 0.6833813 0.69073 0.6972661 0.7022628 0.7073387 0.7142268 0.7219099
0.5833978 0.5799397 0.5766013 0.57234 0.5721197 0.5692099 0.5655298 0.5629218 0.5604463 0.5573545 0.5581129 0.5561016 0.5536362 0.5519511 0.550408 0.5515433 0.5503426 0.5492868 0.5481058 0.5473911 0.5498191 0.549295 0.5490738 0.549 0.5490082 0.5520082 0.5521304 0.5525215 0.5529855 0.5535955 0.5576208 0.5585642 0.5596508 0.5613208 0.5627379 0.5642951 0.5695261 0.5713956 0.5734004 0.5762812 0.5785957 0.5839221 0.5873644 0.5900932 0.5929461 0.5969397 0.6028805 0.6061188 0.6106161 0.6141213 0.6177378 0.6254479 0.6292996 0.6332558 0.6386901 0.6428826 0.6471731 0.6556493 0.6601431 0.6647285 0.6709813 0.6757729 0.6831639 0.6897717 0.6948223 0.6999521 0.7069123 0.7146363
0.5723714 0.5688462 0.5654423 0.5610963 0.5608075 0.5578387 0.554083 0.5514209 0.5488934 0.5486392 0.5464449 0.5443905 0.5418718 0.54015 0.5385731 0.5396665 0.5384394 0.5373602 0.536153 0.5354223 0.5378373 0.5373016 0.5370754 0.537 0.5370084 0.5400084 0.5401333 0.5405331 0.5410074 0.5416309 0.5456785 0.5466425 0.5477527 0.5494589 0.5509065 0.5524971 0.5577742 0.559683 0.5617295 0.5646698 0.5670317 0.5724028 0.5759141 0.5786968 0.5816055 0.5856765 0.5916697 0.5949689 0.5995498 0.6031194 0.6068015 0.6145901 0.6185095 0.6225343 0.6280613 0.6323243 0.6366859 0.6452441 0.64981 0.6544677 0.6608177 0.6656824 0.6731308 0.679836 0.6849599 0.690163 0.6972209 0.705
0.5641276 0.5605506 0.5570961 0.5526844 0.5523423 0.5493278 0.5455135 0.5428094 0.5402416 0.5399333 0.5377035 0.5356155 0.5330553 0.531305 0.5297018 0.5307627 0.5295149 0.5284174 0.5271897 0.5264466 0.5288516 0.5283067 0.5280767 0.528 0.5280085 0.5310085 0.5311356 0.5315421 0.5320244 0.5326585 0.5367234 0.5377035 0.5388321 0.5405664 0.5420378 0.5436543 0.5489672 0.5509065 0.5529855 0.5559721 0.5583708 0.5637766 0.5673411 0.5701658 0.5731178 0.5772486 0.5832821 0.5866285 0.5912741 0.5948933 0.5986259 0.6064751 0.6104466 0.6145242 0.6201226 0.6244397 0.6288561 0.637477 0.6420981 0.6468114 0.6532358 0.6581565 0.6656485 0.6724284 0.6776083 0.6828675 0.69 0.6978209
0.5559074 0.5522771 0.5487705 0.5442913 0.5438943 0.5408327 0.5369581 0.5342106 0.5316014 0.5312372 0.5289707 0.5268482 0.5242451 0.5224653 0.5208349 0.5218621 0.5205929 0.5194767 0.5182278 0.5174717 0.5198663 0.5193121 0.519078 0.519 0.5190087 0.5220087 0.5221379 0.5225514 0.523042 0.5236869 0.5277698 0.5287665 0.5299141 0.5316775 0.5331736 0.5348168 0.5401667 0.5421374 0.54425 0.5472842 0.5497208 0.5551621 0.5587817 0.5616494 0.5646459 0.5688383 0.574913 0.5783079 0.5830197 0.5866898 0.5904744 0.5983853 0.6024101 0.6065419 0.6122132 0.6165857 0.6236538 0.6297428 0.6344202 0.6391901 0.6456903 0.6506681 0.6582044 0.6650602 0.670297 0.675613 0.6828213 0.6906844
0.5449853 0.5412818 0.5377035 0.5331313 0.5326585 0.5295319 0.525574 0.5227667 0.5201 0.5196586 0.5173413 0.5151709 0.5125086 0.5106878 0.5090196 0.51 0.5087013 0.5075589 0.5062805 0.5055067 0.5078868 0.5073195 0.5070799 0.507 0.5070089 0.5100088 0.5101411 0.5105644 0.5110666 0.5117265 0.5158343 0.5168539 0.518028 0.5198317 0.5213616 0.5259848 0.528443 0.5304574 0.5326161 0.5357164 0.5382054 0.5436957 0.5473911 0.5503181 0.553376 0.5576531 0.5637845 0.567246 0.5732827 0.5770615 0.5809552 0.588994 0.5931281 0.5973693 0.6031865 0.6076685 0.6148244 0.621058 0.6258434 0.630721 0.6373641 0.6449162 0.6500661 0.6570616 0.6624025 0.6678218 0.6751667 0.6831047
0.5355567 0.5318384 0.5282471 0.5236611 0.5231797 0.5200481 0.5160872 0.5132806 0.5106173 0.5101852 0.5078779 0.5057203 0.5030795 0.5012783 0.4996329 0.5006496 0.4993806 0.498271 0.4970413 0.4963074 0.4987314 0.4982258 0.4980361 0.498 0.498 0.5010359 0.5012245 0.501727 0.5022917 0.5030169 0.507213 0.5083031 0.5095498 0.5114538 0.5130614 0.5177587 0.5203249 0.5224223 0.5246657 0.5278807 0.5304574 0.5360271 0.5398417 0.5428591 0.5460082 0.550408 0.5566192 0.5601732 0.5651 0.5689332 0.5728822 0.5809862 0.5851769 0.5894752 0.5953696 0.59991 0.6071128 0.6134248 0.6182693 0.6232063 0.6299286 0.6375265 0.6427355 0.64981 0.6552099 0.6606883 0.6681115 0.6760924
0.5274031 0.5236267 0.5199789 0.5153193 0.5147777 0.5115946 0.5075677 0.5047138 0.502005 0.5015117 0.4991643 0.4969688 0.4942813 0.4924479 0.4937256 0.491753 0.490461 0.4893312 0.4880789 0.4873315 0.4897448 0.48923 0.4890368 0.489 0.489 0.4920366 0.4922286 0.4927403 0.4933153 0.4940537 0.498271 0.4993806 0.5006496 0.5025873 0.5042232 0.5089489 0.5115594 0.5136926 0.5159738 0.5192427 0.5247256 0.5274714 0.5313473 0.5344127 0.5376114 0.5420793 0.5483357 0.5519429 0.5569425 0.5608315 0.5648372 0.5730079 0.5772564 0.5816133 0.5875866 0.5921866 0.5994372 0.6058292 0.610734 0.6157312 0.6225343 0.6301786 0.6354479 0.6426026 0.6480625 0.6536008 0.6634342 0.6691278
0.5165752 0.5127192 0.5089931 0.5042321 0.503607 0.5003529 0.4962348 0.4933153 0.4905435 0.4899653 0.4875623 0.4853144 0.4825619 0.4806839 0.4819181 0.4798969 0.4785729 0.4774149 0.4761313 0.4753651 0.4777635 0.4772358 0.4770378 0.477 0.477 0.4800375 0.4802343 0.4807588 0.4813481 0.4821047 0.4863517 0.4874885 0.4887883 0.4907728 0.4924479 0.4972132 0.499885 0.5020677 0.5044016 0.507745 0.5132806 0.5160872 0.5200481 0.5231797 0.5264466 0.5310085 0.5373267 0.5410074 0.5461071 0.5500727 0.5541561 0.562418 0.566746 0.571183 0.5772642 0.5819458 0.5892614 0.5957626 0.6007495 0.6058292 0.6127422 0.620449 0.6258003 0.633064 0.6386055 0.6442251 0.6541445 0.6599182
0.5084889 0.5045711 0.5007844 0.4959445 0.4952545 0.4919451 0.4877561 0.4847855 0.4819647 0.4813201 0.4788737 0.4765847 0.4737816 0.4718686 0.4730687 0.4710096 0.4696605 0.4684805 0.4671724 0.4693826 0.4687782 0.4682403 0.4680385 0.468 0.468 0.4710382 0.4712388 0.4717732 0.4723738 0.4731448 0.4774149 0.4785729 0.4798969 0.4819181 0.4836238 0.4884199 0.4911395 0.4933609 0.4957359 0.4991373 0.5047138 0.5075677 0.5115946 0.5147777 0.5180975 0.5254883 0.5290983 0.5328358 0.538013 0.5420378 0.5461813 0.5545133 0.5589025 0.5634013 0.5695657 0.57431 0.5816752 0.5882602 0.5933102 0.598453 0.6054503 0.6132047 0.6186186 0.6259657 0.6315695 0.6372511 0.6472356 0.6530704
0.5004338 0.4964524 0.4926033 0.4876823 0.486925 0.4835587 0.4792963 0.4762731 0.4734015 0.472688 0.4701968 0.4678654 0.4650097 0.4630604 0.4642251 0.4621266 0.4607516 0.4595487 0.458215 0.4604096 0.4597934 0.459245 0.4590392 0.459 0.459 0.462039 0.4622435 0.4627883 0.4634005 0.4641864 0.4684805 0.4696605 0.4710096 0.4730687 0.4748063 0.4796342 0.4824034 0.4846649 0.4870821 0.4905435 0.4961623 0.4990651 0.50316 0.5063961 0.5097706 0.5172282 0.5208954 0.5246913 0.5299481 0.5340337 0.5382388 0.5466425 0.5510944 0.5556564 0.5619057 0.5667142 0.5741298 0.5808003 0.5859147 0.5911219 0.5982049 0.6060074 0.6114851 0.6189168 0.6245838 0.6303285 0.6403788 0.6462755
0.4897448 0.4856758 0.4817406 0.4767075 0.4758571 0.4712961 0.4669989 0.4639537 0.461064 0.4603314 0.4578318 0.4554964 0.4526422 0.4506994 0.4518761 0.4498 0.4484473 0.4472717 0.4459821 0.4482165 0.4476438 0.447161 0.4470101 0.447 0.45 0.45009 0.4503599 0.4509989 0.4516868 0.4525528 0.4569562 0.4582249 0.4596662 0.4618539 0.4636917 0.468615 0.4715252 0.4738955 0.4764242 0.4800375 0.4857592 0.4887791 0.4930325 0.496389 0.499885 0.507488 0.5112779 0.5151971 0.5206189 0.5248286 0.5291578 0.5377035 0.5422785 0.5469635 0.553376 0.5583063 0.5658162 0.5726465 0.5778797 0.5832049 0.5904439 0.5983326 0.6039246 0.6115072 0.617286 0.6231413 0.6333056 0.6393098
0.4803748 0.4762825 0.4723262 0.4672686 0.4664011 0.4629439 0.4585684 0.4554668 0.452523 0.4517168 0.4491692 0.4467885 0.4438784 0.4418971 0.4430361 0.4409184 0.4395384 0.4383389 0.4370229 0.4392414 0.438657 0.4381644 0.4380102 0.438 0.441 0.4410918 0.4413672 0.4420192 0.4427211 0.4436045 0.4480357 0.4493295 0.4507993 0.4530298 0.4549033 0.4598619 0.4628272 0.4652419 0.4678173 0.4714965 0.4772641 0.4803374 0.4846649 0.4880789 0.491634 0.4993086 0.50316 0.507142 0.512649 0.5169236 0.5213185 0.5299396 0.5345811 0.5393329 0.5458351 0.550833 0.558395 0.5653149 0.5706155 0.5760078 0.5833361 0.5912741 0.5969322 0.6046023 0.6104466 0.6163668 0.6265979 0.6326658
0.4724119 0.4682499 0.4642251 0.4618052 0.4581364 0.4546163 0.45016 0.447 0.444 0.4431174 0.4405202 0.4380924 0.4351241 0.4331028 0.4342027 0.4320416 0.4306332 0.4294089 0.4280654 0.4302674 0.4296708 0.4291678 0.4290105 0.429 0.432 0.4320937 0.4323749 0.4330404 0.4337568 0.4346585 0.4391184 0.4404384 0.4419378 0.4442128 0.4461233 0.4511186 0.454141 0.4566016 0.4592254 0.462973 0.4687878 0.4719163 0.4763203 0.4797937 0.4834098 0.4911578 0.4950727 0.4991193 0.5047138 0.509055 0.5135173 0.5222155 0.526925 0.5317453 0.5383391 0.5434059 0.5510209 0.5580323 0.5634013 0.568862 0.5762812 0.5842687 0.5899941 0.5977533 0.6036638 0.6096499 0.6199484 0.6260807
0.4618539 0.4575959 0.4534765 0.450919 0.447161 0.4435538 0.4389852 0.4357442 0.4326662 0.431677 0.4290105 0.4265173 0.4234678 0.4213906 0.4224358 0.4202142 0.4187661 0.4175069 0.416125 0.4183037 0.4176901 0.4171726 0.4170108 0.417 0.42 0.4200964 0.4203855 0.4210701 0.4218068 0.4227339 0.4272341 0.4285907 0.4301314 0.4324685 0.4344307 0.439477 0.4425788 0.4451034 0.4477946 0.451637 0.4575172 0.4607223 0.4652322 0.4687878 0.4724881 0.4803374 0.4843397 0.4884752 0.4941902 0.4986231 0.5057558 0.5119814 0.5167843 0.5216982 0.5284174 0.5335785 0.5412652 0.5484013 0.5538637 0.5594176 0.5669603 0.5750148 0.5808313 0.5887113 0.5947117 0.600787 0.611176 0.6173953
0.4539824 0.4496498 0.4454571 0.4427923 0.4389647 0.4352896 0.4306332 0.4273289 0.4241898 0.423117 0.4203962 0.4178517 0.4147385 0.4126172 0.4136194 0.4113502 0.4098707 0.4085841 0.4071719 0.4093324 0.4087053 0.4081765 0.408011 0.408 0.411 0.4110985 0.411394 0.4120935 0.4128462 0.4137934 0.4183252 0.4197106 0.4212838 0.4236697 0.4256724 0.4307587 0.4339228 0.4364974 0.4392414 0.443158 0.4490891 0.4523539 0.4569464 0.460566 0.4643318 0.4722595 0.4763297 0.4805341 0.4863425 0.4908462 0.4980361 0.504357 0.5092318 0.5142179 0.5210336 0.5262671 0.5340084 0.5412402 0.5467741 0.5523993 0.5600366 0.5681417 0.5740279 0.582 0.5880689 0.5942121 0.6046693 0.610955
0.4458812 0.4417443 0.4374757 0.4346999 0.4308004 0.427055 0.422308 0.418938 0.4157355 0.4145757 0.4117985 0.4092004 0.4060209 0.4038539 0.4048111 0.4024922 0.4009801 0.3996649 0.398221 0.4003623 0.3997211 0.3991804 0.3990113 0.399 0.402 0.4021007 0.4024028 0.4033522 0.4041881 0.4081985 0.4098707 0.4113502 0.4130206 0.4155406 0.417647 0.4228297 0.4261373 0.4288216 0.431677 0.4357442 0.4417748 0.4451539 0.4499 0.4536353 0.4575172 0.4655803 0.4697659 0.4740855 0.4800469 0.4846649 0.4919451 0.4984155 0.5034014 0.5084978 0.5154591 0.5232055 0.5286218 0.5359935 0.5416309 0.5473582 0.5551297 0.5633054 0.569289 0.5773889 0.5835521 0.5897881 0.6003374 0.6067125
0.4335493 0.4297965 0.4254715 0.4226168 0.4186693 0.4148795 0.4100792 0.4066743 0.4034415 0.4022462 0.3994509 0.39684 0.3936521 0.3914856 0.39245 0.39015 0.3886592 0.3873719 0.3859754 0.3881611 0.3875694 0.3871046 0.387 0.387 0.3900115 0.3901846 0.390565 0.3913937 0.392255 0.3962953 0.3980176 0.399541 0.4012605 0.4038539 0.4060209 0.4112627 0.4146625 0.4174207 0.4203534 0.4245292 0.4306332 0.4340991 0.4389647 0.4427923 0.4467684 0.4549429 0.4592254 0.4636432 0.4697372 0.4744555 0.4818153 0.4884199 0.4935068 0.4987043 0.5058004 0.5136224 0.5191387 0.5266432 0.5323796 0.5382054 0.5461071 0.554351 0.5604302 0.5686563 0.574913 0.5812418 0.5918522 0.5982124
0.425027 0.4219669 0.4175608 0.4145865 0.4105618 0.4066964 0.4017985 0.3983227 0.3978253 0.3937322 0.3908759 0.3882074 0.384948 0.3827323 0.3836483 0.3812952 0.3797697 0.3784521 0.3770225 0.3791886 0.3785829 0.3781071 0.378 0.378 0.3810118 0.3811889 0.3815783 0.3824265 0.383308 0.3873719 0.3891336 0.3906917 0.39245 0.3951012 0.4002162 0.402604 0.4060763 0.4088924 0.4118859 0.4161466 0.422308 0.4258415 0.4308004 0.4346999 0.4387494 0.4470101 0.4513679 0.4558618 0.4620585 0.4668543 0.4742752 0.4809833 0.4861481 0.4914234 0.4986231 0.5065027 0.5120957 0.5197018 0.525514 0.5314151 0.5416391 0.5477116 0.5538637 0.5621859 0.5685139 0.5748817 0.5854844 0.5918522
0.4165249 0.4136303 0.409695 0.4065968 0.4024922 0.3985486 0.3935492 0.39 0.3894227 0.3852402 0.3823206 0.3795919 0.3762579 0.3739907 0.374856 0.3724473 0.3708854 0.3695362 0.368072 0.3702175 0.3695971 0.3691097 0.369 0.369 0.3720121 0.3721935 0.3725923 0.3734608 0.3743635 0.3784521 0.3802552 0.3818494 0.3836483 0.3863599 0.3915201 0.3939607 0.3975085 0.4003848 0.4034415 0.4077904 0.4140109 0.4176146 0.4226701 0.4266439 0.4307691 0.4391184 0.4435538 0.4481261 0.4544282 0.4593038 0.4667869 0.4736011 0.4788455 0.4842004 0.4915059 0.4994437 0.5051149 0.5128245 0.5187138 0.5246913 0.5349935 0.5411405 0.5473664 0.555786 0.5621539 0.5685139 0.5791243 0.5855459
0.4052222 0.4022462 0.3992819 0.3960114 0.3917959 0.3877435 0.3826029 0.3789512 0.3782618 0.3739545 0.3709461 0.3681331 0.3646944 0.3652616 0.3631487 0.3606619 0.3590488 0.3576549 0.3561418 0.3582583 0.3576171 0.3571134 0.357 0.357 0.3600125 0.3602 0.360612 0.3615093 0.3624417 0.3665651 0.3684264 0.3700716 0.3719274 0.3747239 0.3799474 0.3824618 0.3861153 0.3890758 0.3922206 0.3994621 0.402995 0.4066964 0.4118859 0.4159628 0.4201928 0.4286642 0.4332066 0.437887 0.4443343 0.4493195 0.4568873 0.463847 0.4692004 0.4746641 0.4821141 0.4901306 0.4959083 0.5037589 0.5097529 0.5158343 0.5262414 0.5324895 0.5388154 0.5473006 0.5536687 0.5600446 0.5707337 0.5772486
0.396772 0.3937322 0.3908759 0.3881263 0.3838242 0.3796867 0.3744356 0.3707034 0.3699256 0.3655202 0.3624417 0.3595622 0.3560407 0.3565459 0.3543811 0.3518324 0.3501785 0.3487492 0.3471973 0.3492907 0.3486331 0.3481164 0.348 0.348 0.3510128 0.3512051 0.3516276 0.3525479 0.3535039 0.3576549 0.3595622 0.3612478 0.3638296 0.366786 0.3721209 0.3747599 0.3785829 0.3816726 0.384948 0.3923468 0.3960114 0.399845 0.4052111 0.4094203 0.4137826 0.4224039 0.4270761 0.4318854 0.4385031 0.4436147 0.4512782 0.4584016 0.4638761 0.4694593 0.477066 0.485166 0.491057 0.4990561 0.5051594 0.5113482 0.5218621 0.528213 0.5345727 0.543058 0.5494589 0.5559316 0.5667142 0.5733219
0.3872906 0.384246 0.3813896 0.3788087 0.3744716 0.3703026 0.3650151 0.3612603 0.3604622 0.3560407 0.3529561 0.3500757 0.3465617 0.3470807 0.3449348 0.3424208 0.3408005 0.3394113 0.3409061 0.3400735 0.3394775 0.3390531 0.339 0.3390133 0.3420526 0.3423288 0.3428411 0.3438895 0.3449478 0.3492005 0.3512563 0.3530581 0.3550788 0.3581075 0.3634955 0.3661967 0.3701081 0.373268 0.3766165 0.3841054 0.3878479 0.3917614 0.3972367 0.4015296 0.4059766 0.4146951 0.4194532 0.4243489 0.4310824 0.4362808 0.4440102 0.4512483 0.4568085 0.4624771 0.4701968 0.4783565 0.4843305 0.4924388 0.4986231 0.5048921 0.5154852 0.5218448 0.528213 0.5367318 0.5432071 0.5497535 0.5606068 0.5672857
0.3760665 0.3729303 0.3699865 0.3684019 0.3639409 0.3596498 0.3542033 0.3503327 0.3494066 0.3448434 0.3416577 0.3386813 0.3350478 0.3354773 0.3332567 0.3306539 0.3289757 0.3275363 0.3289757 0.3281128 0.327495 0.327055 0.327 0.3270138 0.3300546 0.3303407 0.3308716 0.3319578 0.3330541 0.33735 0.3394775 0.3413415 0.3434312 0.3465617 0.3520241 0.3548126 0.3588482 0.3621064 0.3655571 0.3731715 0.3770225 0.3810472 0.3866743 0.3910831 0.3956476 0.4044997 0.4093764 0.4143911 0.4212838 0.4266017 0.4344203 0.4418156 0.447493 0.4532781 0.4611518 0.4693922 0.4754787 0.4837354 0.4900296 0.4964071 0.507 0.5133595 0.5197625 0.5284174 0.5349935 0.5416391 0.5525866 0.5593612
0.3676806 0.3644722 0.3614596 0.3606245 0.3561039 0.3517172 0.3461459 0.3421842 0.3411569 0.3364818 0.3332161 0.3301636 0.3264353 0.3267935 0.3245135 0.32184 0.3201156 0.3186361 0.3200313 0.3191442 0.318509 0.3180566 0.318 0.3180142 0.3210561 0.3213503 0.321896 0.3230124 0.3241389 0.3284692 0.3306539 0.3325673 0.3347118 0.3379231 0.3434443 0.3463019 0.3504354 0.3537711 0.3573024 0.3650151 0.3689512 0.373063 0.3788087 0.383308 0.3879639 0.3969194 0.401888 0.4069951 0.4140109 0.419421 0.4273079 0.4348241 0.4405917 0.4464661 0.4544579 0.4627591 0.4689318 0.4773018 0.4836797 0.4900296 0.5006316 0.5070355 0.5135173 0.5222758 0.5289282 0.5376365 0.5466672 0.5535142
0.3593244 0.3560407 0.3529561 0.3520241 0.3483231 0.3438372 0.338136 0.3340793 0.3329459 0.3281539 0.3248046 0.3216722 0.3178443 0.3181273 0.3157848 0.3130367 0.3112636 0.3097418 0.31109 0.3101774 0.3095238 0.3090582 0.309 0.3090146 0.3120577 0.3123604 0.3129217 0.31407 0.3152285 0.3195951 0.32184 0.3238055 0.3260077 0.3293038 0.3348866 0.3378165 0.3420526 0.3454692 0.3490845 0.3568991 0.3609238 0.365126 0.3709946 0.3755876 0.380338 0.3893995 0.3944629 0.3996649 0.4068071 0.4123118 0.4202678 0.4279077 0.4337672 0.4397328 0.4478448 0.4562072 0.4624673 0.4709522 0.4773018 0.483661 0.4943086 0.5007933 0.5073549 0.5162179 0.5229474 0.5317029 0.5408327 0.5477527
0.3482327 0.3448434 0.3416577 0.3405892 0.3379231 0.3334186 0.3275363 0.3233466 0.3220637 0.3171072 0.3136399 0.3103949 0.3064262 0.3066023 0.304171 0.3013171 0.2994745 0.2978926 0.2991739 0.2982247 0.297545 0.2970606 0.297 0.2970152 0.30006 0.3003747 0.3009585 0.3021523 0.3033562 0.3077743 0.3101048 0.3121442 0.3144281 0.3178443 0.3235135 0.3265456 0.330926 0.3356784 0.3394775 0.3475083 0.3517172 0.3561039 0.3622182 0.3669946 0.3744236 0.3811889 0.3864298 0.3918073 0.3991804 0.4048555 0.4129334 0.4207921 0.4268126 0.4329365 0.441255 0.4497199 0.4560888 0.464574 0.4709522 0.4774149 0.4881987 0.4948182 0.5015117 0.5105468 0.5174022 0.5262328 0.5355231 0.5425606
0.3387743 0.3353699 0.3321747 0.3311027 0.3284418 0.3241389 0.3181981 0.3139698 0.3126484 0.3076573 0.304171 0.3009136 0.2969394 0.2971212 0.2947032 0.2918801 0.2900707 0.2885308 0.2898844 0.2889983 0.2883904 0.2880156 0.288 0.288 0.2911391 0.2915562 0.2922499 0.2936018 0.2949322 0.2994745 0.3019884 0.304171 0.3066023 0.3102209 0.3160269 0.3192147 0.3238055 0.327495 0.331388 0.3395306 0.3438372 0.3483231 0.3545716 0.3594496 0.3669578 0.3738582 0.3792005 0.3846791 0.3921862 0.4002499 0.4061096 0.4140978 0.4202142 0.4264328 0.4348758 0.443361 0.4497199 0.4582249 0.4646902 0.4712388 0.4821047 0.4888067 0.4955815 0.5047227 0.5116562 0.5205324 0.5299227 0.5370335
