MyMainGIS/bin/Debug/Data/DLS_Input/lowRisk_basic/sc1gr4.grid
ncols         442
nrows         735
xllcorner     -502080.37185814
yllcorner     2671876.5851211
cellsize      100
NODATA_value  -9999
[rows 594 to 626 of 735, columns 0 to 72 of 442]
-9999 -9999 -9999 -9999 -9999 -9999 -9999 -9999 -9999 -9999 -9999 -9999 -9999 -9999 -9999 -9999 -9999 -9999 -9999 -9999 19.78791 13.12189 11.76829 14.62471 -9999 -9999 -9999 -9999 -9999 -9999 -9999 -9999 -9999 -9999 8.997144 3.708617 21.68305 30.52023 23.29283 17.1892 20.78454 9.870927 14.4087 17.48535 24.53544 33.43711 38.99881 40.55159 42.56812 36.07734 20.5351 25.13201 26.3407 34.14843 35.462 13.82849 11.10219 17.08906 34.29242 22.46655 18.58722 14.04373 3.33847 17.42489 23.96457 17.03574 19.07837 26.06408 14.66747 9.514431 19.23932 22.25978 11.49947
-9999 -9999 -9999 -9999 -9999 -9999 -9999 -9999 -9999 -9999 -9999 -9999 -9999 -9999 -9999 -9999 -9999 -9999 -9999 11.81851 2.433139 2.882181 5.57096 -9999 -9999 -9999 -9999 -9999 -9999 -9999 -9999 -9999 -9999 -9999 -9999 -9999 -9999 7.506143 20.15542 30.01292 41.73351 32.33174 21.21145 20.0908 15.19677 17.08906 29.7001 34.99393 32.08644 24.68443 29.50819 27.19728 22.44189 27.26604 35.88626 27.31933 24.47039 24.69336 39.0292 16.18456 18.68258 31.8767 27.68015 13.51969 28.0841 28.64473 24.34679 19.11942 18.09247 16.23189 12.88884 20.99158 18.15834
-9999 -9999 -9999 -9999 -9999 -9999 -9999 -9999 -9999 -9999 -9999 -9999 -9999 -9999 -9999 -9999 -9999 -9999 -9999 0.675206 -9999 -9999 -9999 -9999 -9999 -9999 -9999 -9999 -9999 -9999 -9999 -9999 -9999 -9999 -9999 -9999 -9999 -9999 4.582315 11.99466 26.2046 34.21858 31.55053 27.05733 16.78717 16.60461 15.38298 9.837574 20.45103 31.00272 33.18338 22.86209 18.94418 22.09236 33.48739 34.49624 24.12632 25.79936 38.79419 6.492566 17.85668 27.38759 26.9675 26.45166 31.08642 23.50965 11.69021 11.76371 19.13222 16.75389 13.3622 20.48144 15.28852
-9999 -9999 -9999 -9999 -9999 -9999 -9999 -9999 -9999 -9999 -9999 -9999 -9999 -9999 -9999 -9999 -9999 -9999 -9999 -9999 -9999 -9999 -9999 -9999 -9999 -9999 -9999 -9999 -9999 -9999 -9999 -9999 -9999 -9999 -9999 -9999 -9999 -9999 -9999 -9999 14.05495 10.80495 6.091478 18.53131 32.37992 29.50686 17.10974 19.02691 24.86389 18.23209 28.72448 29.32615 22.09236 20.88728 21.45892 26.38099 30.55401 25.5218 30.71071 31.55876 27.54427 26.90683 21.19139 22.31588 20.85767 21.13553 17.72176 22.09026 27.13591 26.56823 13.96488 16.75086 21.72619
-9999 -9999 -9999 -9999 -9999 -9999 -9999 -9999 -9999 -9999 -9999 -9999 -9999 -9999 -9999 -9999 -9999 -9999 -9999 -9999 -9999 -9999 -9999 -9999 -9999 -9999 -9999 -9999 -9999 -9999 -9999 -9999 -9999 -9999 -9999 -9999 -9999 -9999 -9999 -9999 24.2608 23.50773 21.18246 12.7098 6.173848 14.26255 16.75389 27.71135 26.33425 26.18018 24.23142 18.0097 14.62114 13.3622 12.40776 14.95925 31.54347 47.00463 26.28413 31.02824 27.4631 23.76525 21.2426 5.57096 14.08483 28.44293 26.10832 6.80409 12.75587 14.14065 21.90823 21.59857 27.55326
-9999 -9999 -9999 -9999 -9999 -9999 -9999 -9999 -9999 -9999 -9999 -9999 -9999 -9999 -9999 -9999 -9999 -9999 -9999 -9999 -9999 -9999 -9999 -9999 -9999 -9999 -9999 -9999 -9999 -9999 -9999 -9999 -9999 -9999 -9999 -9999 -9999 -9999 -9999 -9999 35.11364 26.38904 21.4304 23.29283 24.36138 16.48152 4.289153 21.57901 29.58125 30.41471 32.28568 21.39523 16.05432 17.67649 16.69924 14.75254 20.7662 45.46629 44.30769 38.60208 33.02602 28.31035 24.04286 7.54315 25.87093 33.68387 17.03871 9.719868 9.01551 11.20418 18.69577 16.16874 23.1243
-9999 -9999 -9999 -9999 -9999 -9999 -9999 -9999 -9999 -9999 -9999 -9999 -9999 -9999 -9999 -9999 -9999 -9999 -9999 -9999 -9999 -9999 -9999 -9999 -9999 -9999 -9999 -9999 -9999 -9999 -9999 -9999 -9999 -9999 -9999 -9999 -9999 -9999 -9999 -9999 33.17379 26.38904 20.35707 24.05215 29.86637 27.97491 14.56748 5.396424 23.68177 29.66189 27.32693 33.49575 33.48425 30.33893 25.41113 25.29799 19.65266 26.60638 28.45854 18.37035 29.35843 31.82471 25.11636 16.49388 35.28033 29.51751 13.69053 16.10529 15.15578 26.6824 29.50154 29.28843 27.44049
-9999 -9999 -9999 -9999 -9999 -9999 -9999 -9999 -9999 -9999 -9999 -9999 -9999 -9999 -9999 -9999 -9999 -9999 -9999 -9999 -9999 -9999 -9999 -9999 -9999 -9999 -9999 -9999 -9999 -9999 -9999 -9999 -9999 -9999 -9999 -9999 -9999 -9999 -9999 -9999 28.72448 24.27547 29.37454 31.31116 29.22355 34.81558 24.97834 7.667577 11.69482 31.13837 30.89168 30.9357 31.92162 34.06989 40.00505 39.96536 33.3772 29.93916 32.28568 31.02702 28.70073 34.1243 32.59775 30.79344 29.33019 18.68258 14.76313 23.63033 38.95423 32.97754 31.7563 32.28005 25.06757
-9999 -9999 -9999 -9999 -9999 -9999 -9999 -9999 -9999 -9999 -9999 -9999 -9999 -9999 -9999 -9999 -9999 -9999 -9999 -9999 -9999 -9999 -9999 -9999 -9999 -9999 -9999 -9999 -9999 -9999 -9999 -9999 -9999 -9999 -9999 -9999 -9999 -9999 -9999 -9999 29.47088 32.49031 34.85506 26.75651 26.9675 32.48252 32.72094 19.77077 13.59765 11.91372 6.457954 5.951584 17.44795 9.304115 17.56269 28.44293 29.97155 38.32262 25.96366 37.26974 33.62797 32.72971 28.6335 24.93266 27.50524 16.44437 17.69065 30.25898 39.87445 33.17379 26.46448 17.41623 15.0734
-9999 -9999 -9999 -9999 -9999 -9999 -9999 -9999 -9999 -9999 -9999 -9999 -9999 -9999 -9999 -9999 -9999 -9999 -9999 -9999 -9999 -9999 -9999 -9999 -9999 -9999 -9999 -9999 -9999 -9999 -9999 -9999 -9999 -9999 -9999 -9999 -9999 -9999 -9999 -9999 35.08427 41.50071 40.3944 35.67369 33.78996 32.82907 31.21539 23.53847 27.74693 22.61173 17.49396 17.71328 21.82925 20.34764 22.21183 13.85894 11.69021 26.50925 31.8617 31.78765 32.71656 31.42654 21.18246 13.7712 25.25493 10.72416 24.97834 31.24417 37.62988 35.47404 18.73791 19.37588 21.35997
-9999 -9999 -9999 -9999 -9999 -9999 -9999 -9999 -9999 -9999 -9999 -9999 -9999 -9999 -9999 -9999 -9999 -9999 -9999 -9999 -9999 -9999 -9999 -9999 -9999 -9999 -9999 -9999 -9999 -9999 -9999 -9999 -9999 -9999 -9999 -9999 -9999 -9999 -9999 -9999 40.77347 34.02137 28.88422 26.62859 30.90759 32.85627 20.19597 16.65659 23.53847 25.60303 25.2394 24.16881 22.37384 23.53847 19.2317 20.38532 16.78717 6.466625 17.65381 34.03756 35.97805 36.43016 33.55002 37.70415 18.10072 20.22215 30.71071 32.06251 35.11364 40.89668 40.67192 37.85806 41.16208
-9999 -9999 -9999 -9999 -9999 -9999 -9999 -9999 -9999 -9999 -9999 -9999 -9999 -9999 -9999 -9999 -9999 -9999 -9999 -9999 -9999 -9999 -9999 -9999 -9999 -9999 -9999 -9999 -9999 -9999 -9999 -9999 -9999 -9999 -9999 -9999 -9999 -9999 -9999 -9999 29.09302 13.7712 29.20729 43.2607 32.72204 31.82008 9.421579 20.91228 21.18246 22.01643 27.12976 25.84933 22.10919 23.42869 21.57901 19.47372 24.54265 23.02153 8.710355 19.29511 35.1335 41.5925 45.391 34.67226 26.08867 27.20493 36.36372 47.09662 47.1039 46.86592 49.67668 49.47719 44.9786
-9999 -9999 -9999 -9999 -9999 -9999 -9999 -9999 -9999 -9999 -9999 -9999 -9999 -9999 -9999 -9999 -9999 -9999 -9999 -9999 -9999 -9999 -9999 -9999 -9999 -9999 -9999 -9999 -9999 -9999 -9999 -9999 -9999 -9999 -9999 -9999 -9999 -9999 -9999 31.93427 34.84641 28.40739 39.23883 42.28767 26.64444 26.98303 3.199601 31.89284 25.44697 30.57524 27.2401 23.2362 20.19835 17.90136 18.68258 19.11942 23.92527 29.59449 26.56823 14.03999 13.37805 13.20255 16.3604 17.13627 7.210669 14.02125 12.3342 13.0854 16.39468 24.75752 23.50965 29.40269 27.20493
-9999 -9999 -9999 -9999 -9999 -9999 -9999 -9999 -9999 -9999 -9999 -9999 -9999 -9999 -9999 -9999 -9999 -9999 -9999 -9999 -9999 -9999 -9999 -9999 -9999 -9999 -9999 -9999 -9999 -9999 -9999 -9999 -9999 -9999 -9999 -9999 -9999 -9999 29.99095 34.96625 38.58838 38.96315 38.36053 40.00505 24.41234 7.725405 33.68387 43.37239 30.63379 23.50773 17.9598 13.69053 15.60953 11.10219 12.26015 16.60461 18.71422 25.5218 28.94631 25.66369 13.07322 17.03871 24.38324 21.80998 21.06822 20.66495 25.15805 38.11758 43.5411 46.10994 45.53927 40.5442 34.41146
-9999 -9999 -9999 -9999 -9999 -9999 -9999 -9999 -9999 -9999 -9999 -9999 -9999 -9999 -9999 -9999 -9999 -9999 -9999 -9999 -9999 -9999 -9999 -9999 -9999 -9999 -9999 -9999 -9999 -9999 -9999 -9999 -9999 -9999 -9999 -9999 -9999 9.520202 26.36005 41.3333 35.31121 38.51433 35.65722 53.31454 23.62842 6.80409 34.41047 35.83292 22.9041 15.89696 18.41883 15.79968 19.35573 20.57464 23.78982 23.0888 19.98488 20.51879 27.92371 23.60168 21.371 16.46605 21.57901 20.17929 18.10072 23.65322 25.84434 36.81718 34.88965 39.72718 30.02711 27.03105 29.56136
-9999 -9999 -9999 -9999 -9999 -9999 -9999 -9999 -9999 -9999 -9999 -9999 -9999 -9999 -9999 -9999 -9999 -9999 -9999 -9999 -9999 -9999 -9999 -9999 -9999 -9999 -9999 -9999 -9999 -9999 -9999 -9999 -9999 -9999 -9999 -9999 6.80409 31.7656 34.29242 26.13285 47.34962 49.41783 37.2805 50.22056 19.85873 14.71008 35.55899 34.5208 21.64845 15.17971 20.14108 24.05215 27.68759 26.3407 27.25384 20.90319 18.25386 16.18139 25.54214 24.48306 18.94159 9.046032 11.38616 25.5218 25.51331 31.1106 28.98758 31.02824 26.52202 25.67882 21.76062 28.45854 33.90761
-9999 -9999 -9999 -9999 -9999 -9999 -9999 -9999 -9999 -9999 -9999 -9999 -9999 -9999 -9999 -9999 -9999 -9999 -9999 -9999 -9999 -9999 -9999 -9999 -9999 -9999 -9999 -9999 -9999 -9999 -9999 -9999 -9999 -9999 -9999 15.17971 17.52837 28.8219 35.67643 40.00227 49.15451 34.18755 27.22788 28.05505 13.90067 25.576 36.85291 29.73427 22.44189 15.79642 21.36879 26.39386 24.12632 22.00797 21.32242 22.14487 21.66576 21.57901 24.73616 29.11894 27.18042 17.44795 14.53516 9.970262 27.20493 34.69268 34.6849 28.0041 28.31035 26.99543 32.05795 28.20698 26.87562
-9999 -9999 -9999 -9999 -9999 -9999 -9999 -9999 -9999 -9999 -9999 -9999 -9999 -9999 -9999 -9999 -9999 -9999 -9999 -9999 -9999 -9999 -9999 -9999 -9999 -9999 -9999 -9999 -9999 -9999 -9999 -9999 -9999 -9999 -9999 26.98303 32.1535 29.97155 36.73351 36.67948 28.30606 33.25991 35.44717 25.267 14.03624 27.75878 30.10305 26.04273 23.32204 17.1892 17.82307 14.49195 9.748033 14.93838 20.85767 21.97409 17.82307 17.97923 18.73791 25.81603 29.30595 22.66253 16.18139 6.017285 28.0376 36.16273 35.49254 23.39193 29.35843 36.26971 33.65905 23.65131 22.03334
-9999 -9999 -9999 -9999 -9999 -9999 -9999 -9999 -9999 -9999 -9999 -9999 -9999 -9999 -9999 -9999 -9999 -9999 -9999 -9999 -9999 -9999 -9999 -9999 -9999 -9999 -9999 -9999 -9999 -9999 -9999 -9999 -9999 -9999 23.11051 37.70979 24.03728 24.22775 26.23386 32.23609 37.05975 38.37212 36.48677 31.56934 8.246893 31.61042 24.91153 32.24173 25.31691 10.07397 11.08264 11.81851 14.07363 12.7098 14.04373 19.82703 16.91951 15.36952 18.05666 21.59857 31.00272 25.576 21.68089 7.45401 31.25616 39.85129 35.15618 32.35641 36.16893 39.99879 29.08893 20.67188 12.4894
-9999 -9999 -9999 -9999 -9999 -9999 -9999 -9999 -9999 -9999 -9999 -9999 -9999 -9999 -9999 -9999 -9999 -9999 -9999 -9999 -9999 -9999 -9999 -9999 -9999 -9999 -9999 -9999 -9999 -9999 -9999 -9999 -9999 -9999 25.65023 38.05546 32.31715 16.44437 24.68443 27.20493 35.93042 41.05336 34.50901 35.49254 5.051153 29.56136 35.35883 32.35641 18.09797 11.00409 15.25122 17.09792 21.74127 19.11942 15.92278 16.03195 18.56861 16.56473 21.51799 22.58117 28.16805 22.14068 24.16881 22.75153 34.67226 40.22394 39.69529 34.87045 33.63419 32.7308 21.82925 17.72176 17.57697
-9999 -9999 -9999 -9999 -9999 -9999 -9999 -9999 -9999 -9999 -9999 -9999 -9999 -9999 -9999 -9999 -9999 -9999 -9999 -9999 -9999 -9999 -9999 -9999 -9999 -9999 -9999 -9999 -9999 -9999 -9999 -9999 -9999 -9999 28.78439 33.95646 30.81928 11.99466 8.056359 13.01209 42.25652 45.72387 40.3353 27.09743 15.42994 32.12739 33.30968 28.14927 13.96111 14.27724 13.72133 17.03871 20.57232 19.1399 16.73873 16.22874 13.82468 13.61706 16.3323 28.44293 28.12178 19.42363 23.53847 24.42687 31.59987 42.38075 37.21584 33.61241 37.74599 27.62504 32.01454 30.49015 20.0788
-9999 -9999 -9999 -9999 -9999 -9999 -9999 -9999 -9999 -9999 -9999 -9999 -9999 -9999 -9999 -9999 -9999 -9999 -9999 -9999 -9999 -9999 -9999 -9999 -9999 -9999 -9999 -9999 -9999 -9999 -9999 -9999 -9999 8.28043 30.16074 30.47509 36.09071 16.55551 15.25122 30.05161 49.87109 42.45906 36.22647 7.609289 21.26038 29.95471 31.66659 29.54144 19.53361 17.57697 20.51646 24.82851 21.4655 20.67188 20.90319 19.66254 15.95177 14.7384 12.62555 31.63853 25.00639 20.38767 25.5167 27.95152 23.55382 40.2534 34.53258 29.46688 35.71296 42.89348 29.12166 25.84933 23.62842
-9999 -9999 -9999 -9999 -9999 -9999 -9999 -9999 -9999 -9999 -9999 -9999 -9999 -9999 -9999 -9999 -9999 -9999 -9999 -9999 -9999 -9999 -9999 -9999 -9999 -9999 -9999 -9999 -9999 -9999 -9999 -9999 -9999 10.18189 43.71551 46.62422 43.10913 25.67546 31.91242 38.08694 39.87305 26.59685 21.17354 11.34812 26.88343 30.79344 25.60978 24.52281 23.65322 25.17366 32.35641 32.96351 26.62859 24.24244 22.75355 24.16881 22.65441 18.48053 20.63491 29.9132 18.60847 19.37084 25.84933 25.55739 7.594644 30.2628 27.63101 27.46009 27.00628 29.85464 28.06232 8.792413 22.62393
-9999 -9999 -9999 -9999 -9999 -9999 -9999 -9999 -9999 -9999 -9999 -9999 -9999 -9999 -9999 -9999 -9999 -9999 -9999 -9999 -9999 -9999 -9999 -9999 -9999 -9999 -9999 -9999 -9999 -9999 -9999 -9999 21.67441 42.71774 43.93077 37.26063 27.01867 20.48144 35.03012 27.42388 23.62079 28.30463 29.23979 12.55768 29.75134 22.05866 17.67649 25.84434 26.99543 23.83322 24.68622 10.47768 7.179646 14.90702 20.60017 20.0908 21.33127 16.52781 27.95152 31.28487 20.12913 15.51007 24.75752 24.9836 5.006282 31.9905 35.47034 29.46554 25.33923 24.89214 22.01009 22.58932 12.77258
-9999 -9999 -9999 -9999 -9999 -9999 -9999 -9999 -9999 -9999 -9999 -9999 -9999 -9999 -9999 -9999 -9999 -9999 -9999 -9999 -9999 -9999 -9999 -9999 -9999 -9999 -9999 -9999 -9999 -9999 -9999 -9999 30.33766 35.69836 37.81573 30.90759 26.12141 20.06439 30.61014 33.80638 36.71637 33.78277 40.31622 5.479269 29.73559 21.32242 14.62114 17.09792 31.45614 32.42126 31.03431 17.48535 10.6478 7.746974 15.64251 18.56861 18.65086 14.25152 20.10758 31.29444 23.50965 14.58181 20.68341 25.01164 15.46673 29.94045 38.03891 28.55613 20.38767 27.33604 33.53751 25.98346 21.57901
-9999 -9999 -9999 -9999 -9999 -9999 -9999 -9999 -9999 -9999 -9999 -9999 -9999 -9999 -9999 -9999 -9999 -9999 -9999 -9999 -9999 -9999 -9999 -9999 -9999 -9999 -9999 -9999 -9999 -9999 -9999 21.60291 30.18631 29.91709 28.0041 29.37454 25.53028 25.98346 29.73559 31.59987 34.39564 29.92229 39.93814 26.14266 14.1999 22.65441 19.22153 20.25065 25.25666 26.15898 34.26253 22.01643 24.37778 20.55605 21.83567 28.0986 31.28487 17.14511 22.8721 28.604 30.97472 22.83803 20.78454 19.37588 22.36764 14.35045 35.89167 36.04252 31.91242 25.60978 18.85055 27.51275 30.68098
-9999 -9999 -9999 -9999 -9999 -9999 -9999 -9999 -9999 -9999 -9999 -9999 -9999 -9999 -9999 -9999 -9999 -9999 -9999 -9999 -9999 -9999 -9999 -9999 -9999 -9999 -9999 -9999 -9999 -9999 11.44769 19.71921 27.2401 29.53878 24.04286 26.60479 25.17366 18.35955 14.79486 13.89309 26.8428 23.19507 38.60893 33.65905 22.54646 16.33543 25.07455 26.26955 27.8885 34.22658 34.78953 22.66253 27.22788 20.68341 17.1892 23.27723 31.8767 35.62149 23.82945 30.07349 30.74904 26.22574 28.51377 21.30693 22.25978 8.077001 18.02629 20.02589 19.29511 16.75389 28.18969 35.92772 30.06448
-9999 -9999 -9999 -9999 -9999 -9999 -9999 -9999 -9999 -9999 -9999 -9999 -9999 -9999 -9999 -9999 -9999 -9999 -9999 -9999 -9999 -9999 -9999 -9999 -9999 -9999 -9999 -9999 -9999 6.017285 5.438008 21.00062 21.34231 25.06757 27.55926 20.46274 23.50965 25.01164 18.78516 14.2036 33.00018 21.51144 25.86595 31.39806 30.88678 16.11801 23.34343 31.52581 32.4034 34.52963 27.31781 22.47682 26.60479 21.83567 17.1892 18.80088 21.10864 22.79182 27.04806 26.59685 29.17879 24.73616 26.89903 26.56823 21.94013 9.629145 24.62715 29.0164 28.22425 36.38823 35.26814 32.67705 23.38612
-9999 -9999 -9999 -9999 -9999 -9999 -9999 -9999 -9999 -9999 -9999 -9999 -9999 -9999 -9999 -9999 -9999 -9999 -9999 -9999 -9999 -9999 -9999 -9999 -9999 -9999 -9999 -9999 -9999 -9999 6.063765 18.89224 24.72904 31.05251 27.76913 21.02093 24.3632 26.84905 30.74904 24.7005 30.56525 21.6116 21.74342 19.63289 14.30658 15.82569 22.7596 30.31993 37.25566 34.41739 22.82398 24.21487 16.58315 13.72133 10.39935 20.0716 15.22062 18.8688 31.45496 25.17366 30.21822 33.70865 20.46975 22.20974 35.23153 12.33854 32.18975 21.02093 28.79968 23.92527 23.50965 20.80972 18.80874
-9999 -9999 -9999 -9999 -9999 -9999 -9999 -9999 -9999 -9999 -9999 -9999 -9999 -9999 -9999 -9999 -9999 -9999 -9999 -9999 -9999 -9999 -9999 -9999 -9999 -9999 -9999 -9999 -9999 -9999 4.532714 7.832626 19.78057 31.97675 26.7628 26.6159 24.27547 22.70911 22.53215 30.07864 35.23153 27.74545 28.25731 18.60847 4.058664 16.83545 22.58932 21.35997 31.74468 34.92799 28.40028 18.64822 22.72124 24.9221 14.43409 13.3622 16.91951 19.89037 29.50686 23.02153 28.20698 29.99095 24.9221 18.17476 34.39564 20.65571 26.50925 19.5037 26.00818 26.00818 21.04572 19.18077 17.00306
-9999 -9999 -9999 -9999 -9999 -9999 -9999 -9999 -9999 -9999 -9999 -9999 -9999 -9999 -9999 -9999 -9999 -9999 -9999 -9999 -9999 -9999 -9999 -9999 -9999 -9999 -9999 -9999 -9999 -9999 7.896225 2.781886 12.08832 30.12615 30.5052 27.03724 22.70507 26.06408 30.44493 36.03001 30.92592 19.47372 20.60944 17.09792 8.406584 23.37449 19.56098 18.25386 25.62328 32.72204 28.82883 19.89037 17.57697 22.65644 21.64845 9.508657 15.56321 18.68258 31.36478 26.12632 28.68395 25.07455 33.44026 31.91127 37.26063 29.87679 16.80228 19.5361 22.83201 24.84267 17.60548 17.32063 20.68341
-9999 -9999 -9999 -9999 -9999 -9999 -9999 -9999 -9999 -9999 -9999 -9999 -9999 -9999 -9999 -9999 -9999 -9999 -9999 -9999 -9999 -9999 -9999 -9999 -9999 -9999 -9999 -9999 -9999 -9999 -9999 10.48288 7.57262 19.61061 30.72927 26.72344 32.24963 37.71382 26.41315 23.38612 32.06251 33.32236 28.72867 22.58117 1.509527 21.13553 21.02093 23.87274 28.98758 29.62889 24.99588 18.65086 18.35415 24.54265 18.17476 3.199601 16.91951 22.01643 23.11839 32.5845 29.19644 26.77537 28.09715 31.05129 31.03431 29.28843 24.13187 13.0854 23.39193 30.47509 18.44837 17.62255 17.59408
-9999 -9999 -9999 -9999 -9999 -9999 -9999 -9999 -9999 -9999 -9999 -9999 -9999 -9999 -9999 -9999 -9999 -9999 -9999 -9999 -9999 -9999 -9999 -9999 -9999 -9999 -9999 -9999 -9999 -9999 -9999 -9999 13.9498 12.81424 23.01558 37.47373 40.97848 25.81104 20.26251 23.71408 24.79306 29.68693 36.54145 34.6781 6.466625 21.90823 23.06114 22.68482 27.6623 25.30316 15.38298 10.62222 24.24244 26.47728 16.18456 7.832626 12.36888 21.85491 24.10411 25.79102 28.31035 15.43999 7.371307 31.94117 23.06905 24.12632 28.49821 12.47226 21.62244 32.01454 18.50461 20.95765 17.06243
