MyMainGIS/bin/Debug/Data/DLS_Input/lowRisk_basic/sc1gr4.grid
ncols         442
nrows         735
xllcorner     -502080.37185814
yllcorner     2671876.5851211
cellsize      100
NODATA_value  -9999
[rows 330 to 362 of 735, columns 219 to 291 of 442]
0 0 0 0 0 0 0 0 0 0 0 0 0 0 18.20209 22.44189 20.40412 27.92224 39.11781 36.13076 30.76385 13.7712 7.085727 4.100294 12.75587 3.05437 18.02629 12.60438 8.056359 10.03044 11.08264 16.46605 15.25122 16.73873 6.526987 10.45686 11.69021 2.862405 3.769244 3.109633 0.7548945 16.05432 7.371307 1.432096 12.62132 24.85152 6.795865 20.40412 49.99346 30.61512 11.63011 8.735691 19.15268 9.764889 18.02353 21.11985 19.78791 9.787315 16.05751 15.05617 7.54315 6.423151 19.85873 26.49487 20.68341 15.9131 16.75389 22.99175 15.22062 17.72176 34.06686 31.22619 19.03464
0 0 0 0 0 0 0 0 0 0 0 0 0 1.06752 14.23311 25.92398 25.38549 37.59747 38.91549 32.34969 12.62555 15.00434 5.226704 9.651912 9.520202 6.918175 11.2764 15.80619 13.42151 12.6888 12.94241 10.05223 7.832626 22.20139 7.609289 12.77258 11.81851 8.984877 10.89007 11.2764 6.2551 7.609289 11.00902 14.49195 15.84517 15.92278 8.691301 28.64613 44.02898 25.21348 19.96796 17.48535 19.4161 23.50965 18.64822 33.91678 24.50837 15.53334 23.06114 17.52837 15.90988 14.08483 24.28097 18.64028 15.34595 13.91581 16.59235 3.584252 16.18139 25.07455 30.49893 21.19139 24.7504
0 0 0 0 0 0 0 0 0 0 0 0 0 0 4.262693 14.14065 49.56021 35.83292 28.99445 29.24385 15.80619 12.62555 6.281943 11.79571 10.45164 5.550718 4.044691 9.374783 13.72133 17.5484 14.22205 9.577706 4.532714 17.35547 2.433139 10.30979 11.70863 8.767251 3.109633 9.009392 4.727942 4.822542 4.822542 15.61613 17.03871 12.77258 12.22512 21.45892 35.18165 21.6116 17.44795 18.15834 23.02946 13.34236 16.03195 37.50639 25.17193 14.76313 28.95733 18.00139 13.8323 12.23389 22.38417 16.60461 15.43664 15.53334 13.93471 22.59136 6.603755 21.8057 29.99224 14.49195 13.96111
0 0 0 0 0 0 0 0 0 0 0 0 0 0 0 4.315449 53.39283 36.97818 24.75218 26.17366 7.249253 3.438912 10.31508 9.719868 6.37937 2.361991 0.9548413 2.569503 7.832626 18.2457 16.72356 9.566236 12.10607 10.74442 5.749849 6.926249 7.725405 2.635026 11.65789 10.77977 6.18293 9.651912 9.256682 15.19677 18.13093 11.49947 15.87433 16.73873 31.53523 16.91652 11.48537 16.48461 10.75958 22.2785 20.81429 34.3163 27.92224 14.48112 26.53 17.68782 19.29258 14.03624 21.5964 15.19677 18.09247 19.22153 12.77258 16.9703 22.31173 22.65441 28.13191 21.57901 9.520202
0 0 0 0 0 0 0 0 0 0 0 0 0 0 0 1.217118 51.3091 39.64198 33.04214 22.9041 10.92491 8.767251 14.35045 10.75958 2.433139 4.532714 4.262693 6.62914 3.199601 9.009392 17.32063 16.13388 14.22205 11.14116 11.44769 7.393958 1.217118 9.577706 7.782782 12.36455 4.380487 8.735691 4.16874 19.31029 14.03624 4.679913 4.903792 15.33246 30.95522 14.88257 20.74784 17.78938 33.62797 35.37747 34.58449 20.46274 21.00062 15.37625 21.66792 18.99594 26.19484 8.399994 23.29283 18.28646 17.80062 26.23386 10.2886 14.3978 22.71114 20.77538 26.76751 22.9021 17.43931
0 0 0 0 0 0 0 0 0 0 0 0 0 0 0 0.9548413 49.91455 40.90979 32.43019 20.68572 15.6491 10.18189 32.85627 18.35955 12.50651 13.90446 3.769244 11.69482 5.759621 8.543726 14.54954 16.07983 13.86274 18.1419 2.862405 2.569503 5.128712 5.385977 8.582483 7.233845 5.788832 1.967864 10.86011 22.83201 11.80483 3.843668 9.421579 18.64822 33.34031 22.20139 28.20266 34.19656 26.43723 21.68089 16.75995 14.51358 15.35943 17.02684 16.21928 7.014429 20.0788 17.39312 18.0539 23.04134 18.52331 22.40687 17.28279 28.56599 19.17311 18.13093 21.41942 21.47426 16.52781
0 0 0 0 0 0 0 0 0 0 0 0 0 0 0 3.016961 51.02385 40.30804 33.56564 15.33246 12.64667 16.04154 27.15434 13.0854 4.044691 16.45367 6.017285 9.046032 8.735691 14.94882 17.29445 12.81008 18.13093 16.05432 0.9548413 2.052775 1.06752 2.882181 5.258953 7.54315 5.720433 9.046032 10.6017 22.18466 10.68351 12.88884 16.5678 23.02153 24.62894 24.63791 18.4591 11.70863 15.7475 20.91228 25.41113 25.75092 25.37693 21.49833 11.61619 11.09731 15.69183 19.33302 20.40412 21.21145 11.34812 15.87756 12.05274 18.45642 5.226704 13.5821 19.97522 17.03574 14.52438
0 0 0 0 0 0 0 0 0 0 0 0 0 0 0 0 29.54144 48.04018 36.08091 16.9703 14.1295 19.53361 21.00062 18.43495 6.492566 17.25069 4.520227 6.37937 14.1295 12.97935 11.54631 17.71328 19.78057 12.50651 6.62914 6.721369 7.782782 4.582315 8.64667 5.237476 7.54315 21.86986 20.91228 22.51578 9.702927 2.569503 16.3604 17.29445 15.92278 20.68341 12.22512 24.03728 28.05069 22.65441 21.56378 18.23209 18.19663 21.27147 27.70244 6.721369 15.48341 5.438008 12.75587 15.96463 11.89113 26.04273 15.0734 20.68572 12.30377 15.98069 19.66254 20.06919 24.58586
0 0 0 0 0 0 0 0 0 0 0 0 0 0 0 0.3376147 18.7563 46.59848 40.86317 17.36707 14.30658 12.41639 20.69955 24.74862 22.09026 8.219958 0.3376147 4.262693 16.41644 17.03574 16.75995 26.24523 21.51799 6.063765 3.199601 1.509527 8.582483 6.893893 9.064293 9.832004 14.4522 22.58117 17.99031 21.57901 14.50637 0.9548413 13.58599 13.37805 12.23389 18.32982 7.594644 11.48537 15.16946 16.41955 18.91044 18.0097 10.22472 21.74127 26.26307 8.063246 13.23866 23.57681 20.82115 19.97522 19.77322 20.38532 7.333393 19.80993 16.75389 25.13027 23.65322 30.08378 36.82314
0 0 0 0 0 0 0 0 0 0 0 0 0 0 0 6.466625 24.49391 34.6849 39.24978 23.50965 13.86274 5.051153 17.48535 22.66861 20.70185 9.191033 5.128712 2.781886 10.11188 16.58315 23.11051 29.79849 12.01703 6.201054 9.832004 8.735691 14.23311 8.485238 7.832626 11.76829 15.48341 10.82504 12.92595 22.70911 22.98977 10.89007 13.53533 15.60953 14.9105 19.36329 10.22472 9.473928 11.70863 15.69183 22.14907 26.64444 11.00902 29.39466 23.88589 17.00306 32.04539 31.35169 22.76565 15.80619 21.39303 11.17999 9.374783 24.80902 27.62504 29.02052 23.38224 30.25262 29.26007
0 0 0 0 0 0 0 0 0 0 0 0 0 0 0 10.45164 31.58696 27.56824 29.61435 24.80902 23.28308 13.91581 3.016961 5.479269 18.56595 13.61706 9.2982 2.052775 7.725405 17.68782 27.72767 22.9041 15.24103 1.350224 4.16874 5.479269 7.973233 3.708617 3.389067 4.822542 5.720433 3.389067 4.16874 16.51857 25.9157 23.25966 23.91965 25.58445 17.82587 6.853225 7.594644 14.48112 13.48836 25.21348 31.93427 27.68759 24.68443 24.15774 19.02691 21.31357 27.31325 31.59987 24.79838 13.96488 10.90502 16.03195 22.70304 18.35415 20.29804 25.90411 23.39774 31.01852 25.5167
0 0 0 0 0 0 0 0 0 0 0 0 0 0 0 6.721369 47.71485 28.2185 18.68258 15.28852 20.43932 17.86786 10.35204 7.125016 13.34633 16.66574 6.795865 6.721369 19.87578 32.82145 31.73072 18.56861 12.88884 4.044691 6.13738 5.875573 5.875573 4.903792 4.315449 6.017285 12.50651 12.10607 16.16874 23.06114 34.00213 34.06989 38.00654 32.11716 17.28571 6.423151 8.077001 28.14927 37.2929 25.55739 19.53361 22.34903 23.73873 22.12809 25.68386 28.30463 34.54042 30.58896 24.92034 14.31024 17.68782 30.56525 27.51275 14.96272 23.02153 28.6321 28.62367 26.60479 20.43932
0 0 0 0 0 0 0 0 0 0 0 0 0 0 0 0 30.17737 45.07243 20.43932 15.82569 18.06769 24.79838 7.57262 3.035724 8.735691 14.59255 19.95587 18.00139 32.19089 35.13729 23.03936 9.142973 4.787291 6.603755 4.315449 4.380487 6.795865 6.918175 5.269658 5.427643 5.051153 4.114075 3.016961 15.24103 26.98147 41.65942 39.49031 30.2628 28.27597 18.52331 25.07455 26.16714 8.543726 5.322853 9.702927 17.84828 20.72026 25.13548 28.14927 28.6349 28.26449 8.842508 18.25386 24.79838 30.41093 27.48419 20.19597 22.75355 28.86209 24.89919 20.1363 25.5167 18.96232
0 0 0 0 0 0 0 0 0 0 0 0 0 0 0 0 5.128712 44.1524 30.41471 19.19861 18.7563 22.22853 12.81424 12.36888 7.746974 10.69877 8.767251 28.4883 31.65374 36.34005 7.832626 6.063765 3.471741 5.601182 0.675206 6.671227 7.782782 7.45401 4.058664 2.361991 6.893893 11.00902 4.43182 20.02349 35.0168 14.94882 8.543726 17.78094 31.76443 40.87895 36.43976 30.10947 21.86986 13.99498 25.5218 34.20457 32.64185 37.10666 28.604 21.01416 23.50004 13.67896 9.787315 29.07663 27.54427 14.88257 3.109633 12.17678 19.19352 20.12913 26.72344 37.64929 43.50255
0 0 0 0 0 0 0 0 0 0 0 0 0 0 0 0 0.9548413 29.80241 34.33915 22.03334 25.17193 20.60944 4.822542 9.898628 14.32122 9.876473 14.05495 24.43413 34.61478 29.80241 15.61283 4.903792 5.885129 6.918175 11.37191 16.85651 9.577706 3.199601 2.1343 3.631393 3.723867 8.380192 3.723867 8.543726 38.51433 20.67188 19.80993 13.07322 24.47582 33.34453 28.37891 16.2602 21.70248 14.52438 35.72391 30.50896 28.40739 31.87093 28.17671 26.66185 20.95991 9.787315 17.83148 27.88704 19.71921 15.87756 8.563128 2.024868 18.18843 39.11192 39.16266 31.55876 32.33399
0 0 0 0 0 0 0 0 0 0 0 0 0 0 0 0 0.7548945 22.71114 37.19922 19.42363 32.22254 27.22176 10.60683 9.832004 14.35045 10.14426 15.35943 20.60712 35.1609 33.64041 23.37449 10.30979 11.94527 12.23389 21.2426 6.671227 2.901822 3.33847 1.217118 3.389067 2.263636 19.82703 43.49428 28.37464 23.65322 26.80833 3.584252 25.9983 29.83507 9.256682 10.11188 10.22472 15.43999 14.8265 24.16881 19.07837 16.65659 19.68967 14.36504 30.26788 26.23386 8.792413 26.05587 21.25149 16.91951 19.56346 9.374783 12.31682 31.3743 36.08091 31.87901 30.62508 26.64444
0 0 0 0 0 0 0 0 0 0 0 0 0 0 0 0 0.3376147 23.25184 38.52657 13.31454 23.28308 28.98758 14.53516 8.063246 7.609289 10.68351 15.92278 20.72256 34.03554 36.91228 9.208987 9.748033 11.49947 9.646225 7.117177 6.317551 2.901822 2.052775 3.321432 3.016961 18.44032 16.10847 41.05336 33.161 30.30852 26.2046 29.12575 26.72344 19.00885 11.32904 9.321836 12.92595 6.466625 11.30993 8.716697 23.34537 20.66495 28.27166 33.65905 5.427643 24.63432 33.03462 19.92679 6.80409 11.38616 26.21111 33.50829 36.83591 22.13439 6.603755 20.29804 22.63816 22.42542
0 0 0 0 0 0 0 0 0 0 0 0 0 0 0 0 0 12.23389 40.09657 15.42994 11.91372 19.22153 20.92364 10.68351 5.051153 11.17999 13.12189 27.72767 35.75396 38.28695 8.159015 13.16632 5.57096 4.582315 2.719923 5.989218 4.787291 8.543726 8.842508 10.16041 15.87433 27.42388 38.49672 29.5348 22.56485 27.4631 33.95443 36.69665 34.34808 6.281943 8.063246 8.28043 6.926249 12.04828 12.22512 17.82587 23.70838 34.11122 28.66155 12.7098 23.57681 24.23693 13.27866 13.3622 14.1295 15.7573 21.64845 8.543726 12.64667 20.38532 26.33425 28.31751 28.70073
0 0 0 0 0 0 0 0 0 0 0 0 0 0 0 0 0 8.104436 31.57287 22.44189 14.8265 16.52781 25.50312 17.38733 5.951584 5.885129 12.94241 30.12487 38.5533 27.62504 17.56269 29.71982 22.54646 5.550718 3.33847 4.222687 6.80409 4.822542 2.781886 1.391763 9.064293 19.86847 16.23189 11.99466 13.40967 17.00306 21.06822 32.08189 34.13235 23.46344 19.77077 13.91959 9.280431 18.53131 25.07455 39.55631 40.96934 33.92391 8.246893 16.22874 27.44652 21.28035 5.438008 6.37937 9.462322 12.04828 14.4522 10.19798 19.18077 27.79131 29.13528 24.43413 32.20446
0 0 0 0 0 0 0 0 0 0 0 0 0 0 0 0 0 0.3376147 13.45695 30.27932 8.16581 18.32982 25.67042 19.93649 12.17678 2.160789 16.59235 25.13201 40.89668 17.59693 9.191033 21.28922 25.42138 18.78516 8.61464 9.321836 4.393377 2.862405 14.49195 16.01275 17.86786 12.62555 15.19677 10.60683 5.720433 11.2764 12.01703 30.20547 41.21808 27.76913 6.526987 16.49388 23.62842 29.85725 42.49216 33.33609 20.15781 10.77977 17.83148 24.47039 24.93969 8.485238 5.062307 9.01551 17.63108 16.10847 11.20418 20.26251 28.40739 27.22176 18.44569 8.111279 23.70648
0 0 0 0 0 0 0 0 0 0 0 0 0 0 0 0 0 0 12.20757 29.48688 7.393958 2.361991 38.58152 21.51144 11.30993 5.720433 20.90319 27.33604 30.8119 19.37588 22.79182 6.721369 29.13528 19.52115 9.374783 7.125016 4.072588 15.02164 16.13388 12.33854 13.13402 24.28646 10.99916 15.61613 4.679913 12.10607 9.392361 25.90411 42.15783 30.80329 7.36374 11.40514 24.09484 34.13235 30.54151 10.03044 4.691967 13.61706 28.05651 27.76913 18.26202 10.39935 15.82569 14.7384 18.18023 5.427643 3.016961 13.05695 30.10947 42.04815 33.62797 13.3622 21.45892
0 0 0 0 0 0 0 0 0 0 0 0 0 0 0 0 0 0 5.875573 38.44761 11.99466 2.569503 34.39564 34.93278 17.67649 10.17653 24.54265 27.09281 21.955 27.16662 38.69767 25.17193 23.73684 17.13627 5.808223 8.049467 6.526987 18.2457 10.48288 13.89309 13.8323 34.63818 29.35305 12.35156 2.862405 4.763642 15.43999 18.69577 40.13593 29.63417 19.03464 21.71973 31.03431 31.03431 20.91228 2.862405 7.952309 25.24113 26.83184 6.091478 7.140669 18.13368 15.06996 15.50341 5.150652 7.653049 14.99395 21.6116 16.48152 33.85554 29.16385 19.23932 26.57778
0 0 0 0 0 0 0 0 0 0 0 0 0 0 0 0 0 0 3.016961 41.88735 13.82468 5.150652 21.77137 38.42531 27.04806 27.74693 28.27023 12.60438 34.17151 34.36692 23.27333 45.51626 35.44717 14.1295 9.191033 7.371307 1.721006 11.08264 25.36495 12.19438 13.008 17.67649 16.72659 13.86274 11.08264 10.05223 17.422 25.87923 32.51807 20.38532 30.10947 35.65814 15.18653 31.53523 16.20982 24.79306 20.91228 22.09026 6.017285 23.46922 29.3275 28.0041 21.21145 14.75254 4.582315 11.39565 18.28646 21.51144 31.16248 38.95423 11.37191 19.29511 25.79936
0 0 0 0 0 0 0 0 0 0 0 0 0 0 0 0 0 0 1.217118 31.67126 24.11337 7.117177 5.875573 36.28204 38.36671 32.84648 34.03857 14.85106 31.1106 17.96813 11.09731 48.93755 41.09811 11.99466 11.5976 14.62114 8.767251 15.10435 31.24417 20.828 9.970262 11.00902 5.150652 10.6478 16.49388 16.41023 20.99158 23.43256 28.33895 21.93801 26.20623 36.46154 18.64028 37.0228 13.81324 35.62149 27.35577 12.75587 16.48461 29.7841 30.16074 16.05751 4.691967 10.31508 12.33854 10.16041 22.42542 21.83781 28.783 32.49031 22.11549 4.582315 24.31025
0 0 0 0 0 0 0 0 0 0 0 0 0 0 0 0 0 0 0 19.94618 34.01834 6.344121 6.344121 5.730256 39.60706 30.00646 34.14742 29.14345 18.8688 24.60023 30.70081 50.84266 45.67653 17.77532 13.42939 20.72256 7.085727 15.79968 27.99389 9.719868 20.45103 19.11686 8.111279 4.822542 9.508657 20.36884 22.21183 23.88964 24.14112 21.04572 28.26449 34.43714 24.88508 41.2521 9.462322 28.31751 40.80123 25.86595 30.86227 25.30144 12.64667 7.062044 14.21836 24.12632 26.31648 24.06887 15.13181 27.40423 24.49933 8.219958 22.19303 9.702927 18.44837
0 0 0 0 0 0 0 0 0 0 0 0 0 0 0 0 0 0 0 8.710355 36.19817 28.86763 9.10675 9.926246 33.03247 35.49254 29.20593 23.65322 22.946 17.47098 17.01198 47.59846 33.86781 31.25616 17.15688 12.30377 9.719868 19.41359 15.10092 15.17971 10.05223 6.721369 10.02499 6.063765 10.18189 20.7662 17.08906 32.04197 24.18541 12.22512 26.47728 34.58449 27.60264 26.28413 32.44134 8.219958 28.27166 31.63853 10.74442 6.853225 16.77508 21.86345 19.7487 21.96561 23.99444 26.12141 29.81418 25.8925 21.19139 15.59961 15.82244 23.76714 17.57126
0 0 0 0 0 0 0 0 0 0 0 0 0 0 0 0 0 0 0 0.675206 11.97673 32.08189 20.46274 14.05495 27.75582 38.81447 25.99006 15.17971 22.39243 16.85651 12.33854 39.5742 28.82883 37.67271 12.88884 1.217118 3.016961 14.35045 9.01551 13.5821 8.43945 11.81851 4.822542 10.2886 14.58181 17.82307 20.5607 34.62941 20.95765 8.735691 27.54877 34.67226 27.44652 18.44837 33.06041 15.99994 12.35156 17.09792 12.29942 19.23424 22.20139 15.88726 21.28922 26.069 25.13722 18.87922 24.59125 32.11261 31.9905 25.50312 15.87756 23.0888 24.62357
0 0 0 0 0 0 0 0 0 0 0 0 0 0 0 0 0 0 0 0 4.044691 20.0788 42.81974 27.68015 32.42015 30.4399 17.10974 18.58722 23.34537 19.78791 14.76313 34.65767 19.53361 28.76212 22.41718 6.063765 5.759621 6.721369 4.972358 7.57262 33.82586 38.56399 15.19677 10.75958 19.48122 16.91951 29.17879 23.09472 21.26038 18.56861 31.39925 27.30717 24.54265 25.03439 32.7308 12.77258 7.506143 23.43256 24.43413 20.80972 17.75279 21.28035 21.11088 16.15608 13.59377 13.23866 17.10974 26.31648 27.6861 28.07539 19.1399 18.1419 29.17879
0 0 0 0 0 0 0 0 0 0 0 0 0 0 0 0 0 0 0 0 0 0.675206 30.21822 43.17468 37.24323 23.70648 16.80832 16.72963 12.77675 19.53361 15.33246 45.10357 33.69523 27.14359 20.09799 12.17678 8.563128 6.18293 2.569503 16.31666 15.53334 44.08472 9.697272 12.75587 14.92097 14.08483 25.89582 25.84434 25.54892 23.97577 35.65722 26.2987 21.4304 25.25666 27.2401 3.321432 8.582483 35.3784 20.35707 10.82504 13.0854 12.19878 22.01643 20.85767 16.41644 19.42363 25.86595 28.57726 19.11686 10.2886 21.00062 14.8265 15.88726
0 0 0 0 0 0 0 0 0 0 0 0 0 0 0 0 0 0 0 0 0 0 15.19677 46.44127 41.95359 30.25644 22.15955 16.80228 35.02251 17.34387 34.31531 39.75265 43.36961 21.33569 11.77744 9.01551 8.459106 9.646225 5.237476 10.3731 26.5284 25.67882 5.601182 12.65932 17.34387 21.31579 24.92034 29.50154 31.37073 26.39386 37.07317 29.1312 21.82283 15.00434 18.45642 15.43999 12.36888 38.85046 20.54441 10.39935 7.782782 20.41352 18.52064 17.67649 16.48461 16.3604 22.64629 28.88008 21.70248 14.27724 14.24416 3.372287 9.508657
0 0 0 0 0 0 0 0 0 0 0 0 0 0 0 0 0 0 0 0 0 0 2.456395 53.34966 45.53496 34.7247 28.75098 22.54646 37.08573 18.40268 24.75752 45.2856 33.19191 32.23609 18.87922 16.91951 14.03999 11.76371 11.72702 0.4774538 15.53334 25.92398 19.18077 11.10219 8.898507 11.76829 30.76385 39.59921 30.99542 22.00797 36.38123 25.62328 24.65045 17.09792 18.28646 21.04572 9.2982 32.66056 25.5167 12.53639 0.7548945 6.281943 15.13181 19.80993 21.67441 19.85873 22.95197 21.64845 17.932 19.2317 19.53361 20.70415 19.85873
0 0 0 0 0 0 0 0 0 0 0 0 0 0 0 0 0 0 0 0 0 0 0.7548945 41.10523 46.04401 31.94461 19.17311 21.90823 20.06439 19.52115 19.5361 27.3679 28.41309 40.10832 47.19268 42.74563 24.40689 3.723867 11.76371 6.054499 2.385944 4.058664 14.35045 17.82307 22.86609 18.62703 45.14696 29.92748 14.48473 12.05274 34.74021 28.68395 25.74423 27.68015 16.60461 15.92278 11.2764 14.90702 38.77237 24.73616 19.2317 9.368916 13.61706 20.95765 18.89224 18.63233 16.72356 13.34633 15.79642 13.27067 13.9498 19.98488 22.71114
0 0 0 0 0 0 0 0 0 0 0 0 0 0 0 0 0 0 0 0 0 0 1.909152 51.34578 42.47975 28.57726 24.13187 24.27913 2.433139 18.73791 30.67105 13.79797 15.06996 14.08483 19.92679 40.4796 28.46988 5.427643 9.736777 10.60683 1.687605 3.389067 0.675206 6.37937 14.33949 12.05274 41.22387 35.62149 23.2362 25.13548 32.42461 27.75878 18.02629 21.55942 20.65571 23.73684 5.550718 14.92097 27.03105 19.2317 26.24523 15.40313 7.860959 18.64822 19.29511 11.54164 6.388151 18.69577 29.66849 24.50837 23.01558 18.62703 18.17476
