MyMainGIS/bin/Debug/Data/DLS_Input/lowRisk_basic/sc1gr4.grid
ncols         442
nrows         735
xllcorner     -502080.37185814
yllcorner     2671876.5851211
cellsize      100
NODATA_value  -9999
[rows 594 to 626 of 735, columns 73 to 145 of 442]
14.04373 28.73843 20.40647 24.25896 22.38417 16.83545 18.28646 18.6588 3.372287 15.48341 22.21601 30.85613 34.17251 26.33748 24.09484 20.68341 19.13222 34.84641 25.09547 22.8721 17.52837 16.51857 22.75355 20.55605 14.97661 20.99158 28.18392 22.01009 30.78974 32.44134 25.84933 24.71299 17.22437 16.89554 21.03896 33.2737 35.56543 27.79426 18.28918 20.92364 21.91249 29.0698 24.62715 18.77992 16.23189 19.37084 12.4894 18.00139 14.51358 12.91359 15.18653 26.60479 27.22788 20.41117 27.69205 22.53215 16.41644 21.64845 11.12656 12.0215 27.79131 29.81549 21.84423 37.6711 21.99316 19.36329 11.80483 12.77675 9.508657 14.49195 16.30727 25.87093 32.02597
17.67649 29.9132 22.34903 18.74316 22.44806 18.66144 21.74127 17.28279 8.111279 10.68351 7.43155 22.31588 24.15405 31.25616 36.41183 34.358 27.18042 30.72927 18.39461 29.9132 23.65322 13.72133 17.52837 31.76443 17.02684 14.1295 27.35577 23.81059 14.21836 17.9598 25.35295 34.49624 34.29242 15.49342 12.90947 38.81672 25.45378 18.64822 17.982 10.36784 7.917305 19.44369 28.71331 24.54265 16.79624 16.63215 17.42489 21.06822 15.33246 14.56748 19.85873 22.62393 18.91044 17.86786 30.58023 26.37455 26.64444 20.15542 21.66792 19.92679 25.31691 31.52227 27.72322 34.41739 25.54214 26.08867 25.77265 32.80838 36.37423 39.59278 36.28204 31.24417 16.41023
23.44415 28.45428 19.18842 12.19438 15.38298 21.09294 25.88918 12.36455 7.594644 8.767251 9.191033 20.42525 24.03728 25.59797 35.86549 31.29444 32.28005 23.9627 22.01643 29.08893 21.01416 8.767251 5.139694 22.86609 23.14202 17.982 26.31648 28.77326 17.28279 19.33302 12.6888 21.4655 35.37747 32.47363 27.74693 39.89898 25.13027 20.41352 16.46605 11.37191 17.69631 19.29511 28.22281 35.93492 30.50896 21.57901 16.95538 22.47682 24.51379 19.56346 20.26251 17.72176 20.38532 16.65659 28.47555 25.68218 24.74862 23.22838 24.68622 19.95587 22.44806 31.45614 29.78802 33.46122 22.8721 32.2327 32.01339 35.98343 39.94582 31.27411 28.86209 28.7161 25.62496
25.5218 25.35809 15.84517 12.92595 11.30993 18.65086 24.24244 18.32982 11.38616 14.2036 12.36888 16.02875 17.09792 18.00139 27.74545 27.38759 26.90839 18.2457 26.4276 18.54198 13.16632 9.697272 6.423151 21.74127 21.57901 21.86986 27.72767 29.8194 24.02984 25.81603 12.4894 15.5433 29.43348 33.28852 40.57841 28.48547 19.98488 15.7573 23.69128 19.29511 21.04797 21.72619 29.30865 31.97675 33.30228 20.97802 18.70368 22.58117 22.86209 20.15542 14.26255 13.53533 26.43723 30.96498 26.069 24.71478 20.84627 20.90319 24.3194 14.42684 25.97026 28.99033 29.19101 27.94421 23.67606 28.86763 27.79426 26.8381 25.02039 20.53277 29.60509 28.94631 21.88906
28.5533 26.16714 16.46605 19.02691 20.70415 24.30842 23.29088 24.02425 18.78516 9.136946 3.05437 10.18189 14.85106 21.04572 29.21948 31.66075 30.46505 24.89919 19.53361 17.41623 15.69183 18.0539 12.94241 21.10191 26.29708 22.9041 22.7596 27.8164 26.70609 27.22176 29.17879 19.97522 23.34537 21.66576 17.03871 12.81424 22.04178 25.81603 26.88343 4.582315 11.76829 10.05223 2.385944 6.37937 25.08153 22.61987 19.22153 21.17577 22.61173 18.77468 17.71328 24.85152 21.68089 18.80874 23.55957 17.39312 27.41482 19.48122 20.84855 26.49647 22.95197 24.18541 21.93801 18.77992 19.53361 37.03289 40.00296 28.31035 15.90988 28.05069 30.67105 24.71299 30.47509
23.00962 22.73539 21.99316 24.65582 28.20698 21.71973 25.63508 25.41967 13.82468 2.160789 5.885129 5.051153 5.051153 6.063765 16.93148 25.68218 31.80966 32.64185 31.91357 26.8381 18.7773 19.18077 16.91951 20.80972 29.3275 28.31751 22.33453 23.78415 31.8767 28.40739 24.16881 23.86334 9.719868 18.19663 15.42325 13.99498 32.28568 31.8004 20.0788 7.36374 12.17678 15.52005 13.91581 15.56321 19.2317 26.00818 28.26449 21.09294 17.38733 18.64028 15.61283 27.19728 27.88704 22.03334 23.85017 24.38324 29.32615 16.72356 18.88443 31.83397 25.62328 28.81218 27.68015 25.25493 22.51373 42.06821 24.79838 12.95884 22.31173 23.7501 31.3743 33.38352 37.15425
26.4276 23.06905 25.38549 28.58712 27.17736 21.955 21.8057 19.93649 7.43155 5.749849 5.788832 6.492566 3.584252 9.520202 6.201054 16.75389 17.8902 28.25731 31.85246 28.6335 22.63613 16.52781 13.26268 11.39565 19.31534 22.92805 19.51118 16.91951 29.12166 25.55739 22.9021 28.84547 11.03853 10.03044 8.543726 15.48341 36.90466 19.59326 11.47126 12.92595 10.68351 12.7098 18.22119 22.44189 15.33246 29.96378 28.89113 22.72124 18.17476 17.75561 18.77992 27.71135 26.19484 18.06769 21.83781 23.00764 21.85491 3.631393 10.2886 26.43723 28.18392 31.78765 28.75794 27.0295 22.77572 34.93278 16.9703 14.2036 23.56149 22.027 25.55739 33.79817 37.65899
20.75932 25.25666 31.2777 18.92343 16.03195 13.79797 19.78057 24.97834 19.53361 12.72658 10.10107 8.691301 13.96111 15.77035 15.0734 14.04373 16.55551 19.80993 15.12838 12.77258 13.58599 24.20751 19.59574 12.30377 18.68258 11.39565 13.32647 8.64667 14.35045 24.52101 20.78225 19.67241 17.982 13.03658 15.24103 12.19438 20.66495 26.50925 10.55538 3.843668 2.385944 4.393377 9.832004 7.140669 8.327143 6.39692 20.5351 20.26251 21.70248 24.35956 23.84452 18.28918 11.54631 12.65932 16.45367 19.18842 8.28043 7.825526 3.931096 13.72133 17.04761 27.68015 28.81218 33.832 28.37891 33.42032 15.80619 9.577706 16.03195 20.02349 17.84268 17.69065 41.73723
22.14068 23.00764 24.89919 14.85106 11.67175 14.52438 19.66254 21.56378 21.56378 20.0908 14.65679 14.71008 7.416537 10.86011 11.72702 12.94241 17.87904 20.17929 12.19438 18.7773 22.84806 26.32133 20.75932 21.50051 14.9105 7.896225 11.94527 14.03624 17.66232 21.0862 17.96813 13.32647 21.70032 16.72356 11.14116 10.39935 24.68085 31.99966 12.77675 14.27357 16.30727 15.92278 7.54315 6.853225 8.917089 4.679913 10.30979 13.12189 21.42821 19.78057 13.3622 2.052775 14.1295 6.466625 18.35415 12.94241 27.04806 25.59797 19.5361 12.95884 10.53989 15.48341 18.09797 23.96457 21.97197 20.17929 8.735691 12.4551 7.660316 14.88257 8.159015 13.008 24.49933
13.45695 13.72133 16.41955 23.05718 25.57431 23.62842 19.59574 24.17066 22.80188 23.11642 22.47682 19.52115 6.063765 7.393958 11.2764 13.25068 11.47126 8.380192 14.85106 12.95884 16.85952 15.6491 22.00797 29.14345 12.20757 7.393958 9.520202 18.8688 21.93801 21.22926 18.2457 12.47226 17.59693 19.71921 3.109633 9.837574 19.78791 32.19089 6.926249 9.832004 12.8267 12.92595 12.4551 8.735691 6.762861 3.843668 5.322853 7.825526 13.81324 16.01275 8.327143 17.96535 18.60847 15.48341 18.32982 24.79838 27.6131 19.82703 18.10072 17.86786 23.48464 25.9983 15.17971 11.19934 4.262693 12.77258 18.25386 9.920729 9.136946 13.82468 14.86507 14.2036 10.48288
40.93796 37.47373 37.37535 34.1082 27.6325 25.24113 17.80062 13.51969 16.87454 19.07837 22.03334 12.7098 15.87756 12.52359 12.26015 13.82849 9.468127 9.2982 10.77977 6.344121 16.15608 9.577706 21.09294 24.10411 25.93722 23.21859 13.32647 14.2036 22.12599 27.31933 28.27166 12.40776 10.66312 17.71328 12.4551 16.49388 20.26251 22.16164 17.35547 11.80483 14.23311 17.45659 23.79927 23.50773 11.80483 7.609289 3.016961 5.006282 1.817522 14.24416 16.02875 18.60847 12.90947 5.427643 9.2982 13.32647 13.7712 19.52115 24.14112 19.4537 23.88964 14.53876 18.23209 22.73539 24.11337 30.00646 28.38604 19.05009 24.50837 24.05959 16.11801 13.42151 16.72963
40.40863 33.61241 22.14068 21.6116 22.38417 27.97491 16.11801 18.00416 18.77468 17.09792 21.72619 12.17678 11.65326 14.30291 14.5997 13.16632 12.90947 8.735691 6.62069 14.65679 18.37304 8.898507 20.55605 22.29512 18.63233 19.47122 22.15955 11.50416 20.14826 26.16714 28.0376 21.83781 16.11801 17.09792 22.36144 20.34764 27.83998 26.28413 19.67241 18.52331 19.19352 12.62132 -9999 -9999 -9999 -9999 -9999 -9999 6.18293 11.76829 20.63028 15.73115 16.04154 17.83148 17.59408 18.28646 15.64251 18.48321 25.4606 24.57866 14.51358 14.4522 13.26268 9.702927 13.59765 22.61987 30.38444 29.35843 31.27411 35.73848 36.75147 35.1524 22.9021
21.72619 19.66254 23.82756 27.51726 26.41315 19.10917 13.72133 18.48053 23.65131 18.86359 19.95345 14.56748 15.82569 13.15422 14.93838 14.76313 13.91581 11.08264 13.32647 15.84517 18.68258 4.393377 12.94652 18.87922 16.52781 17.08314 22.81394 20.12913 16.3104 21.75417 29.07663 28.6335 24.02425 16.93148 20.35707 26.3665 24.40689 18.35145 19.80015 18.8688 12.77675 -9999 -9999 -9999 -9999 -9999 -9999 -9999 12.47226 12.95884 16.66574 20.15542 24.02425 19.97522 11.80483 12.44221 8.077001 13.26667 16.99115 22.38417 19.78791 16.80228 9.697272 9.191033 10.55538 21.80141 13.51969 18.48321 26.7628 25.55739 20.2554 18.52064 22.61987
32.72204 23.70648 14.52438 31.89745 27.54877 21.68305 15.93889 19.04752 27.17736 20.59785 11.64863 12.17678 14.93838 13.12189 18.02629 12.50651 12.48512 15.9131 15.17971 17.48535 14.35045 4.058664 5.989218 15.42994 15.82244 11.76829 12.62555 13.32647 16.91951 17.03574 22.44189 23.93464 22.29097 17.44795 17.22437 20.15781 15.90988 18.39461 17.63108 9.280431 -9999 -9999 -9999 -9999 -9999 -9999 -9999 -9999 26.91306 20.14108 18.82966 30.10947 19.58333 8.842508 14.14065 13.20657 8.792413 21.955 13.20657 15.61283 16.16874 15.38298 21.02093 25.45378 25.33923 22.80188 11.92725 -9999 -9999 -9999 -9999 8.104436 3.471741
32.92567 28.29317 28.68395 19.13222 20.84627 21.45892 20.77538 21.45892 34.08301 24.91153 13.49228 9.898628 12.36888 12.40776 18.94159 17.10974 12.41639 16.46605 15.82244 21.45892 14.5997 4.582315 1.350224 9.937269 17.982 16.18456 12.19438 14.22205 13.62869 13.64418 13.89309 18.00139 19.40354 14.53876 14.86507 14.65679 22.25978 23.55957 11.34812 -9999 -9999 -9999 -9999 -9999 -9999 -9999 -9999 -9999 24.04286 20.14108 25.6889 22.47682 13.37805 10.19798 16.41955 11.80483 19.53361 20.66495 11.08264 14.35045 16.75389 19.44369 16.91951 8.406584 11.47126 3.584252 -9999 -9999 -9999 -9999 -9999 -9999 -9999
25.65192 18.27289 24.66655 23.02153 11.34812 17.41623 20.43932 21.65061 33.90557 33.28217 18.05666 15.9131 16.18139 17.309 20.60017 23.34537 17.48535 15.17971 17.99031 25.36323 16.49388 5.051153 6.423151 2.635026 12.36888 11.33382 15.10092 10.6017 12.7098 16.06708 11.99466 4.582315 9.514431 16.87454 10.69877 13.20657 18.39461 -9999 -9999 -9999 -9999 -9999 -9999 -9999 -9999 -9999 -9999 -9999 -9999 13.05695 7.43155 8.710355 15.63922 15.38298 14.62828 6.80409 7.393958 8.691301 8.111279 3.843668 0.3376147 -9999 -9999 -9999 -9999 -9999 -9999 -9999 -9999 -9999 -9999 -9999 -9999
16.75389 25.70904 25.31175 26.66818 29.19101 22.3511 21.88906 20.96671 14.72425 26.4276 27.95152 19.44369 19.18077 17.34677 17.23023 16.18456 16.6138 13.26667 20.92364 24.14112 22.13439 7.249253 7.187414 1.217118 17.36707 13.37805 3.520405 14.62471 22.07342 13.3622 13.90446 9.937269 11.03853 15.81919 16.72659 26.069 -9999 -9999 -9999 -9999 -9999 -9999 -9999 -9999 -9999 -9999 -9999 -9999 -9999 -9999 -9999 6.696347 13.26268 16.05432 13.64418 10.72416 8.478713 -9999 -9999 -9999 -9999 -9999 -9999 -9999 -9999 -9999 -9999 -9999 -9999 -9999 -9999 -9999 -9999
14.53876 21.75417 12.95884 15.48341 23.81059 29.7093 28.96696 28.58712 28.27166 28.64473 23.08683 11.24276 13.96488 15.77035 17.9598 11.76829 17.60548 15.26819 22.15955 15.23763 12.60438 13.59377 5.269658 14.48112 22.946 16.13388 8.917089 12.47226 15.71806 12.04828 7.416537 5.139694 4.763642 8.543726 19.77077 13.5821 -9999 -9999 -9999 -9999 -9999 -9999 -9999 -9999 -9999 -9999 -9999 -9999 -9999 -9999 -9999 -9999 -9999 -9999 -9999 -9999 -9999 -9999 -9999 -9999 -9999 -9999 -9999 -9999 -9999 -9999 -9999 -9999 -9999 -9999 -9999 -9999 -9999
14.53516 12.8267 8.077001 6.466625 12.09276 13.51578 25.10418 22.93404 18.64822 25.07455 23.88025 20.7937 21.59857 20.0716 16.91951 12.62555 14.35045 24.62894 17.00306 13.93471 18.0539 14.51358 25.04837 32.86387 31.36954 28.58149 30.26661 20.14108 16.78717 13.67896 12.94652 18.77992 15.84517 11.49947 -9999 -9999 -9999 -9999 -9999 -9999 -9999 -9999 -9999 -9999 -9999 -9999 -9999 -9999 -9999 -9999 -9999 -9999 -9999 -9999 -9999 -9999 -9999 -9999 -9999 -9999 -9999 -9999 -9999 -9999 -9999 -9999 -9999 -9999 -9999 -9999 -9999 -9999 -9999
23.59021 16.25392 8.219958 11.70863 15.38298 11.00902 17.13627 14.48112 6.526987 13.59765 11.65789 1.217118 13.49228 14.03999 11.69021 19.23932 21.54417 21.76062 10.60683 14.94882 7.725405 9.937269 23.96457 26.38099 15.04582 11.58364 13.96488 30.30852 33.70865 30.31993 20.38532 11.58364 -9999 -9999 -9999 -9999 -9999 -9999 -9999 -9999 -9999 -9999 -9999 -9999 -9999 -9999 -9999 -9999 -9999 -9999 -9999 -9999 -9999 -9999 -9999 -9999 -9999 -9999 -9999 -9999 -9999 -9999 -9999 -9999 -9999 -9999 -9999 -9999 -9999 -9999 -9999 -9999 -9999
19.24186 24.54265 9.736777 14.95925 19.92679 16.72963 18.18023 17.75561 12.94652 13.26667 12.65932 9.10675 11.20418 14.30291 16.75086 19.04752 18.28646 13.65579 13.7367 9.33363 4.16874 20.63491 18.89224 15.26819 4.222687 -9999 -9999 14.92097 10.72416 16.05112 19.93649 -9999 -9999 -9999 -9999 -9999 -9999 -9999 -9999 -9999 -9999 -9999 -9999 -9999 -9999 -9999 -9999 -9999 -9999 -9999 -9999 -9999 -9999 -9999 -9999 -9999 -9999 -9999 -9999 -9999 -9999 -9999 -9999 -9999 -9999 -9999 -9999 -9999 -9999 -9999 -9999 -9999 -9999
19.03464 25.00639 18.65086 13.33442 17.09792 12.4551 22.58117 20.26251 9.920729 9.046032 15.71806 12.92595 13.59765 16.06708 13.37805 15.43999 13.7712 17.29445 8.735691 9.374783 15.95177 -9999 -9999 -9999 -9999 -9999 -9999 -9999 -9999 8.380192 -9999 -9999 -9999 -9999 -9999 -9999 -9999 -9999 -9999 -9999 -9999 -9999 -9999 -9999 -9999 -9999 -9999 -9999 -9999 -9999 -9999 -9999 -9999 -9999 -9999 -9999 -9999 -9999 -9999 -9999 -9999 -9999 -9999 -9999 -9999 -9999 -9999 -9999 -9999 -9999 -9999 -9999 -9999
32.29917 27.82229 28.18969 15.6491 14.48112 18.88443 13.12189 24.63791 18.7773 5.808223 14.30291 19.29511 13.96488 9.508657 9.920729 16.72659 13.0854 11.76829 6.13738 -9999 -9999 -9999 -9999 -9999 -9999 -9999 -9999 -9999 -9999 -9999 -9999 -9999 -9999 -9999 -9999 -9999 -9999 -9999 -9999 -9999 -9999 -9999 -9999 -9999 -9999 -9999 -9999 -9999 -9999 -9999 -9999 -9999 -9999 -9999 -9999 -9999 -9999 -9999 -9999 -9999 -9999 -9999 -9999 -9999 -9999 -9999 -9999 -9999 -9999 -9999 -9999 -9999 -9999
18.94159 23.27528 25.13722 20.96671 15.17971 25.57431 21.30693 26.88031 23.58638 12.30377 12.81008 19.51367 12.4551 9.870927 7.187414 13.14211 20.06439 13.65579 -9999 -9999 -9999 -9999 -9999 -9999 -9999 -9999 -9999 -9999 -9999 -9999 -9999 -9999 -9999 -9999 -9999 -9999 -9999 -9999 -9999 -9999 -9999 -9999 -9999 -9999 -9999 -9999 -9999 -9999 -9999 -9999 -9999 -9999 -9999 -9999 -9999 -9999 -9999 -9999 -9999 -9999 -9999 -9999 -9999 -9999 -9999 -9999 -9999 -9999 -9999 -9999 -9999 -9999 -9999
15.23763 16.93148 19.51367 13.3622 6.721369 14.51358 18.64028 25.19791 28.07539 17.49396 17.23023 12.47226 16.05751 10.96953 7.416537 6.926249 23.34537 26.8381 16.99413 -9999 -9999 -9999 -9999 -9999 -9999 -9999 -9999 -9999 -9999 -9999 -9999 -9999 -9999 -9999 -9999 -9999 -9999 -9999 -9999 -9999 -9999 -9999 -9999 -9999 -9999 -9999 -9999 -9999 -9999 -9999 -9999 -9999 -9999 -9999 -9999 -9999 -9999 -9999 -9999 -9999 -9999 -9999 -9999 -9999 -9999 -9999 -9999 -9999 -9999 -9999 -9999 -9999 -9999
16.23189 18.51262 24.97834 10.92491 8.28043 15.43999 12.7098 12.55768 19.63289 23.70838 22.85007 13.08946 15.43999 14.3978 11.98121 9.01551 8.588925 14.53876 19.77077 -9999 -9999 -9999 -9999 -9999 -9999 -9999 -9999 -9999 -9999 -9999 -9999 -9999 -9999 -9999 -9999 -9999 -9999 -9999 -9999 -9999 -9999 -9999 -9999 -9999 -9999 -9999 -9999 -9999 -9999 -9999 -9999 -9999 -9999 -9999 -9999 -9999 -9999 -9999 -9999 -9999 -9999 -9999 -9999 -9999 -9999 -9999 -9999 -9999 -9999 -9999 -9999 -9999 -9999
23.93089 26.91306 19.59574 5.57096 9.764889 19.52115 16.50623 14.53876 14.90702 20.38767 19.53361 13.42151 12.53639 7.832626 14.27724 11.08264 4.495149 4.222687 10.6478 23.04728 -9999 -9999 -9999 -9999 -9999 -9999 -9999 -9999 -9999 -9999 -9999 -9999 -9999 -9999 -9999 -9999 -9999 -9999 -9999 -9999 -9999 -9999 -9999 -9999 -9999 -9999 -9999 -9999 -9999 -9999 -9999 -9999 -9999 -9999 -9999 -9999 -9999 -9999 -9999 -9999 -9999 -9999 -9999 -9999 -9999 -9999 -9999 -9999 -9999 -9999 -9999 -9999 -9999
28.37891 19.33302 7.782782 9.191033 20.17929 24.86389 21.83567 23.88025 28.25731 21.22926 17.03574 12.77258 18.92343 13.27866 10.43599 12.95884 5.64122 4.380487 7.860959 15.92278 16.02875 -9999 -9999 -9999 -9999 -9999 -9999 -9999 -9999 -9999 -9999 -9999 -9999 -9999 -9999 -9999 -9999 -9999 -9999 -9999 -9999 -9999 -9999 -9999 -9999 -9999 -9999 -9999 -9999 -9999 -9999 -9999 -9999 -9999 -9999 -9999 -9999 -9999 -9999 -9999 -9999 -9999 -9999 -9999 -9999 -9999 -9999 -9999 -9999 -9999 -9999 -9999 -9999
19.1399 16.70533 15.82244 22.00797 20.18644 15.80944 18.44837 25.01164 14.56748 3.109633 9.009392 11.54631 14.96272 12.8267 8.848749 14.66747 5.09562 7.746974 18.28646 16.82339 9.064293 -9999 -9999 -9999 -9999 -9999 -9999 -9999 -9999 -9999 -9999 -9999 -9999 -9999 -9999 -9999 -9999 -9999 -9999 -9999 -9999 -9999 -9999 -9999 -9999 -9999 -9999 -9999 -9999 -9999 -9999 -9999 -9999 -9999 -9999 -9999 -9999 -9999 -9999 -9999 -9999 -9999 -9999 -9999 -9999 -9999 -9999 -9999 -9999 -9999 -9999 -9999 -9999
18.89224 24.24244 25.48613 15.95177 18.71422 14.43409 10.02499 28.30463 16.42886 3.520405 8.16581 12.64667 11.00902 16.11483 13.20255 21.39303 10.60683 9.736777 17.49396 13.96111 -9999 -9999 -9999 -9999 -9999 -9999 -9999 -9999 -9999 -9999 -9999 -9999 -9999 -9999 -9999 -9999 -9999 -9999 -9999 -9999 -9999 -9999 -9999 -9999 -9999 -9999 -9999 -9999 -9999 -9999 -9999 -9999 -9999 -9999 -9999 -9999 -9999 -9999 -9999 -9999 -9999 -9999 -9999 -9999 -9999 -9999 -9999 -9999 -9999 -9999 -9999 -9999 -9999
8.842508 16.21928 23.68177 31.28487 30.88678 17.67649 1.817522 18.35955 23.28308 13.65579 8.543726 9.421579 9.304115 11.5976 6.62069 13.26667 24.71299 7.725405 18.91044 9.566236 -9999 -9999 -9999 -9999 -9999 -9999 -9999 -9999 -9999 -9999 -9999 -9999 -9999 -9999 -9999 -9999 -9999 -9999 -9999 -9999 -9999 -9999 -9999 -9999 -9999 -9999 -9999 -9999 -9999 -9999 -9999 -9999 -9999 -9999 -9999 -9999 -9999 -9999 -9999 -9999 -9999 -9999 -9999 -9999 -9999 -9999 -9999 -9999 -9999 -9999 -9999 -9999 -9999
8.380192 11.87755 14.3978 22.15955 31.69344 27.56824 12.31682 12.09276 4.787291 10.99916 17.68782 9.462322 10.64269 10.62222 5.322853 4.857533 17.1892 16.66574 13.04473 15.81919 -9999 -9999 -9999 -9999 -9999 -9999 -9999 -9999 -9999 -9999 -9999 -9999 -9999 -9999 -9999 -9999 -9999 -9999 -9999 -9999 -9999 -9999 -9999 -9999 -9999 -9999 -9999 -9999 -9999 -9999 -9999 -9999 -9999 -9999 -9999 -9999 -9999 -9999 -9999 -9999 -9999 -9999 -9999 -9999 -9999 -9999 -9999 -9999 -9999 -9999 -9999 -9999 -9999
14.75254 14.59255 20.14108 18.06769 25.55739 35.28126 20.43932 7.393958 10.60683 11.98121 19.73396 14.3978 13.32647 15.7475 5.427643 13.008 18.80874 19.33555 9.748033 17.08314 -9999 -9999 -9999 -9999 -9999 -9999 -9999 -9999 -9999 -9999 -9999 -9999 -9999 -9999 -9999 -9999 -9999 -9999 -9999 -9999 -9999 -9999 -9999 -9999 -9999 -9999 -9999 -9999 -9999 -9999 -9999 -9999 -9999 -9999 -9999 -9999 -9999 -9999 -9999 -9999 -9999 -9999 -9999 -9999 -9999 -9999 -9999 -9999 -9999 -9999 -9999 -9999 -9999
