MyMainGIS/bin/Debug/Data/DLS_Input/lowRisk_basic/sc1gr0.grid
ncols         442
nrows         735
xllcorner     -502080.37185814
yllcorner     2671876.5851211
cellsize      100
NODATA_value  -9999
[rows 540 to 569 of 735, columns 204 to 271 of 442]
0.03612478 0.02418677 0.01529706 0.006 0 0.003 0 0 0 0.003 0.006 0.009486834 0.006708204 0 0 0 0 0.003 0 0 0 0 0 0 0 0 0 0 0 0 0 0 0 0 0 0 0 0 0 0 0 0 0 0 0 0 0 0 0 0 0 0 0 0 0 0 0 0 0 0 0 0 0 0 0 0 0 0
0.039 0.02830194 0.01920937 0.01341641 0.009 0.006 0 0 0.003 0.003 0.003 0 0 0 0 0 0.003 0 0 0 0 0 0 0 0 0 0 0 0 0 0 0 0 0 0 0 0 0 0 0 0 0 0 0 0 0 0 0 0 0 0 0 0 0 0 0 0 0.003 0.006 0 0 0.003 0 0 0 0 0 0
0.04080441 0.03189044 0.02418677 0.02012461 0.015 0.006 0 0 0.003 0 0 0 0 0 0 0.003 0 0 0 0 0 0 0 0 0 0 0 0 0 0 0 0 0 0 0 0 0 0 0 0 0 0 0 0 0 0 0 0 0 0 0 0 0 0 0 0.003 0.006 0.008485281 0.01081665 0.009 0.006708204 0.006708204 0 0 0 0 0 0
0.04666905 0.03911521 0.03231099 0.0284605 0.01749285 0.01081665 0.006708204 0 0 0 0 0 0 0 0 0.003 0 0 0 0 0 0 0 0 0 0 0 0 0 0 0 0 0 0 0 0 0 0 0 0 0 0 0 0 0 0 0 0 0 0 0 0 0 0 0 0 0.006708204 0.01529706 0.01897367 0.018 0.01529706 0.009486834 0.003 0 0 0 0 0.003
0.05580323 0.04965883 0.04167733 0.03420526 0.02580698 0.02163331 0.01615549 0.00424264 0 0 0 0 0 0 0.003 0 0 0 0 0 0 0 0 0 0 0 0 0 0 0 0 0 0 0 0 0 0 0 0 0 0 0 0 0 0 0 0 0 0 0 0 0 0.00424264 0.006 0.006708204 0.01081665 0.015 0.0212132 0.03059412 0.03 0.02473863 0.01341641 0.006 0 0 0 0.006708204 0.01272792
0.06328507 0.05580323 0.0468615 0.04036087 0.03354102 0.02830194 0.0212132 0.01081665 0.003 0 0 0 0 0 0.003 0 0 0 0 0 0 0 0 0 0 0 0 0 0 0 0 0 0 0 0 0 0 0 0 0 0 0 0 0 0 0 0 0 0 0 0 0 0.006708204 0.01272792 0.01529706 0.01749285 0.02284732 0.02765863 0.03612478 0.03710795 0.02765863 0.01615549 0.008485281 0 0.003 0.006708204 0.01272792 0.02012461
0.07080255 0.06155485 0.05307541 0.04743417 0.039 0.03 0.021 0.009 0 0 0 0 0 0.003 0 0 0 0 0 0 0 0 0 0 0 0 0 0 0 0 0 0 0 0 0 0 0 0 0 0 0 0 0 0 0 0 0 0 0 0 0 0 0 0.009 0.018 0.02563201 0.03 0.03498571 0.04242641 0.04002499 0.03059412 0.01897367 0.01081665 0.006 0.008485281 0.01272792 0.01920937 0.02765863
0.07256032 0.06067125 0.05239275 0.04368066 0.03231099 0.02418677 0.01529706 0.006 0.003 0 0 0 0.003 0 0 0 0 0 0 0 0 0 0 0 0 0 0 0 0 0 0 0 0 0 0 0 0.003 0.003 0.00424264 0 0 0 0 0 0 0 0 0 0 0 0 0 0.006 0.015 0.024 0.03420526 0.04167733 0.0468615 0.04965883 0.04167733 0.03244996 0.02343075 0.01897367 0.018 0.02012461 0.02343075 0.02969849 0.03624914
0.072 0.06 0.05108816 0.04210701 0.03014963 0.0212132 0.01236932 0.003 0.003 0 0 0.003 0 0 0 0 0 0 0 0 0 0 0 0 0 0 0 0 0 0 0 0 0 0 0.003 0.003 0.008485281 0.012 0.008485281 0.003 0 0 0 0 0 0 0 0 0 0 0 0.003 0.006708204 0.01529706 0.02418677 0.036 0.045 0.054 0.05408327 0.0468615 0.03818377 0.03088689 0.02765863 0.027 0.0284605 0.03 0.03612478 0.04459821
0.06847627 0.06 0.051 0.042 0.03 0.021 0.012 0 0.003 0 0.003 0 0 0 0 0 0 0 0 0 0 0 0 0 0 0 0 0 0 0 0 0 0 0 0.006708204 0.009486834 0.015 0.021 0.015 0.006 0 0 0 0 0 0 0 0 0 0 0 0.006 0.01341641 0.01920937 0.02683282 0.03710795 0.04589117 0.05474486 0.0595483 0.05307541 0.045 0.039 0.03649658 0.036 0.03710795 0.03758989 0.04263801 0.05091169
0.05824946 0.05239275 0.04992995 0.042 0.03 0.021 0.012 0 0 0 0 0 0 0 0 0 0 0 0 0 0 0 0 0 0 0 0 0 0 0 0 0 0 0.00424264 0.01081665 0.01897367 0.02418677 0.02683282 0.01920937 0.01081665 0.003 0 0 0 0 0 0 0 0 0 0 0 0.012 0.021 0.03014963 0.04167733 0.04965883 0.05793962 0.0680147 0.06242596 0.05507268 0.05028916 0.04837355 0.048 0.04883646 0.04846648 0.05247856 0.0595483
0.05108816 0.04429447 0.04263801 0.03758989 0.02969849 0.02184033 0.01341641 0.003 0.003 0 0 0 0 0 0 0 0 0 0 0 0 0 0 0 0 0 0 0 0 0 0 0 0 0 0.01081665 0.01749285 0.02563201 0.03132092 0.02284732 0.01341641 0.00424264 0 0 0 0 0 0 0 0 0 0 0 0.012 0.021 0.03 0.042 0.051 0.06 0.072 0.06997142 0.06307139 0.05894065 0.05731492 0.057 0.05770615 0.056921 0.06037384 0.06661081
0.04242641 0.03498571 0.03394112 0.02830194 0.0212132 0.015 0.01081665 0 0 0 0 0 0 0 0 0 0 0 0 0 0 0 0 0 0 0 0 0 0 0 0 0 0 0 0.009 0.018 0.027 0.03244996 0.02545584 0.01697056 0.009486834 0.00424264 0.00424264 0 0 0 0 0 0 0 0 0.003 0.015 0.024 0.033 0.045 0.054 0.063 0.075 0.07379024 0.0702282 0.06708204 0.06606814 0.066 0.06708204 0.06640783 0.06977823 0.07571658
0.03498571 0.02545584 0.02284732 0.01920937 0.01236932 0.006708204 0 0 0 0 0 0 0 0 0 0 0 0 0 0 0 0 0 0 0 0 0 0 0 0 0 0 0.003 0.003 0.01236932 0.02012461 0.02830194 0.033 0.024 0.015 0.003 0 0 0 0 0 0 0 0 0 0 0.009 0.01749285 0.02563201 0.03354102 0.04539824 0.05433231 0.06328507 0.07523962 0.08405355 0.08160882 0.07891767 0.07805767 0.078 0.07891767 0.07788453 0.08077747 0.08595929
0.03088689 0.02012461 0.015 0.012 0.00424264 0 0.003 0 0 0 0 0 0 0 0 0 0 0 0 0 0 0 0 0 0 0 0 0 0 0 0 0 0 0.003 0.008485281 0.01615549 0.02473863 0.03420526 0.02473863 0.01615549 0.006708204 0.006 0.006708204 0 0 0 0 0 0 0 0.00424264 0.01081665 0.02184033 0.03 0.03624914 0.04743417 0.05604462 0.0647611 0.07648529 0.08485281 0.09024965 0.08782369 0.08705171 0.087 0.08782369 0.08658522 0.08919641 0.09391486
0.02765863 0.01615549 0.009486834 0.003 0 0.00424264 0.009486834 0.009 0.009 0.009 0.008485281 0.003 0 0 0 0 0 0 0 0 0 0 0 0 0 0 0 0 0 0 0 0 0 0 0.006 0.015 0.024 0.036 0.02830194 0.0212132 0.01529706 0.015 0.015 0.003 0 0 0.003 0 0 0 0.003 0.01081665 0.02184033 0.03059412 0.04002499 0.051 0.05909315 0.06741662 0.07874643 0.08658522 0.09534149 0.09674709 0.09604686 0.096 0.093771 0.09534149 0.09771898 0.1020441
0.02716616 0.01529706 0.006 0.003 0.006708204 0.01272792 0.01920937 0.021 0.021 0.021 0.01749285 0.01272792 0.006 0.003 0 0 0 0 0 0 0 0 0 0 0 0 0 0 0 0 0 0.00424264 0.009 0.008485281 0.01081665 0.01749285 0.02563201 0.03710795 0.03612478 0.03088689 0.02716616 0.021 0.012 0.003 0 0.009 0.006 0 0.00424264 0 0.003 0.01081665 0.02184033 0.03059412 0.03911521 0.05108816 0.06007495 0.06906518 0.08105554 0.09 0.09868131 0.1086646 0.1080417 0.108 0.1056835 0.1070794 0.1092016 0.1130885
0.02683282 0.015 0.009486834 0.01081665 0.01615549 0.0212132 0.02765863 0.03 0.03 0.03 0.02343075 0.01897367 0.01081665 0.008485281 0.003 0 0 0 0 0 0 0 0 0 0 0 0 0 0 0 0 0.00424264 0.00424264 0.01341641 0.02012461 0.02545584 0.03244996 0.04295347 0.04167733 0.03794733 0.0284605 0.02012461 0.01272792 0.006 0.008485281 0.015 0.006708204 0.006708204 0.008485281 0.003 0.008485281 0.01615549 0.02765863 0.03624914 0.04368066 0.05531727 0.06413268 0.07299315 0.08485281 0.09343447 0.1023963 0.1143547 0.117 0.1170385 0.1149826 0.1164989 0.1186802 0.1225602
0.03189044 0.02163331 0.01824829 0.01897367 0.02418677 0.02830194 0.03394112 0.039 0.039 0.03758989 0.03088689 0.02580698 0.01897367 0.012 0.003 0 0 0 0 0 0 0 0 0 0 0 0 0 0 0 0 0 0 0.009486834 0.0212132 0.03014963 0.03818377 0.04743417 0.04965883 0.04295347 0.03244996 0.02545584 0.02012461 0.015 0.01615549 0.0212132 0.01529706 0.01529706 0.01615549 0.012 0.015 0.0212132 0.03088689 0.039 0.04657253 0.05793962 0.06640783 0.075 0.08658522 0.09472592 0.1035761 0.1154123 0.1243101 0.1260357 0.1239113 0.1253196 0.1273499 0.1309733
0.04080441 0.03231099 0.03014963 0.03059412 0.03498571 0.039 0.04326662 0.04883646 0.051 0.04743417 0.04080441 0.03624914 0.02683282 0.01697056 0.009486834 0.003 0 0 0 0 0 0 0 0 0 0 0 0 0 0 0 0 0.008485281 0.01272792 0.0212132 0.02830194 0.03624914 0.04743417 0.05660389 0.04920366 0.04036087 0.03498571 0.03132092 0.027 0.02765863 0.03088689 0.02716616 0.02716616 0.02765863 0.024 0.02563201 0.03 0.03818377 0.045 0.051 0.06184658 0.0702282 0.07874643 0.09024965 0.09771898 0.1063203 0.1178813 0.1266057 0.1353662 0.1358308 0.1371167 0.1389748 0.1423025
0.04837355 0.04080441 0.03911521 0.03945884 0.04295347 0.04695743 0.051 0.05531727 0.06 0.05507268 0.04837355 0.04080441 0.03189044 0.02163331 0.01341641 0.006708204 0 0 0 0 0 0 0 0 0 0 0 0 0 0 0 0.003 0.00424264 0.006708204 0.01615549 0.02473863 0.03354102 0.04539824 0.05474486 0.05515433 0.04743417 0.04295347 0.04002499 0.036 0.03649658 0.039 0.03612478 0.03612478 0.03649658 0.033 0.03420526 0.03758989 0.04459821 0.05091169 0.05580323 0.0658635 0.07379024 0.081939 0.09304838 0.1005783 0.1092016 0.1204865 0.1290349 0.1376408 0.1447791 0.1459863 0.1477329 0.1508675
0.05636488 0.04947727 0.04809366 0.04837355 0.05126402 0.05507268 0.05909315 0.06242596 0.06741662 0.06242596 0.05341348 0.04569464 0.03624914 0.02580698 0.01920937 0.01272792 0.006 0 0 0 0 0 0 0 0 0 0 0 0 0 0 0 0 0.003 0.015 0.024 0.033 0.045 0.054 0.06184658 0.05507268 0.05126402 0.04883646 0.045 0.04539824 0.04743417 0.04509989 0.04509989 0.04539824 0.042 0.04295347 0.04569464 0.05161395 0.05731492 0.06155485 0.07080255 0.07823043 0.08595929 0.09660745 0.1036195 0.1120089 0.1233288 0.1318977 0.1404564 0.1508675 0.1548709 0.1565184 0.1594804
0.06741662 0.06118823 0.06 0.06067125 0.06356886 0.06708204 0.07111961 0.07409453 0.075 0.06708204 0.05660389 0.04920366 0.04036087 0.03189044 0.02545584 0.02012461 0.015 0.009 0.006 0.006 0.008485281 0.009486834 0.01081665 0.012 0.01081665 0.00424264 0 0.003 0.003 0 0 0.003 0 0.006 0.018 0.027 0.036 0.048 0.057 0.066 0.06462198 0.06184658 0.06029925 0.057 0.05770615 0.05824946 0.057 0.05731492 0.05707889 0.05408327 0.05531727 0.05793962 0.06328507 0.06841052 0.07212489 0.08072174 0.08761849 0.09486833 0.1049571 0.1113643 0.1194362 0.1303879 0.1387155 0.1471224 0.1574929 0.1660873 0.1688816 0.17184
0.075 0.06958448 0.069 0.06958448 0.07212489 0.07523962 0.07920227 0.08188406 0.07925907 0.07156117 0.06184658 0.05515433 0.04666905 0.03818377 0.03244996 0.02830194 0.02284732 0.01749285 0.015 0.015 0.01615549 0.01824829 0.01897367 0.021 0.01897367 0.01081665 0.009 0.003 0.006 0 0 0 0.006 0.009486834 0.02012461 0.0284605 0.03710795 0.04883646 0.05731492 0.06627217 0.07305478 0.07061162 0.06926037 0.066 0.06661081 0.06708204 0.066 0.06627217 0.06307139 0.06307139 0.06413268 0.06640783 0.07111961 0.07571658 0.07874643 0.087 0.09343447 0.1002646 0.109859 0.1157627 0.1235476 0.1341641 0.1422709 0.1504792 0.160465 0.1689083 0.1774063 0.1804993
0.08367795 0.07851751 0.078 0.07851751 0.08077747 0.08357033 0.08720665 0.08989994 0.08405355 0.07683749 0.06788225 0.06155485 0.05307541 0.045 0.04024922 0.03624914 0.03132092 0.02563201 0.024 0.024 0.02473863 0.02716616 0.02765863 0.03 0.02545584 0.01897367 0.01236932 0.003 0.006 0 0 0.003 0.008485281 0.015 0.02418677 0.03231099 0.04024922 0.05126402 0.05894065 0.06768309 0.07942921 0.07942921 0.07823043 0.075 0.07553807 0.07595393 0.075 0.07523962 0.07206248 0.07206248 0.07299315 0.075 0.07920227 0.08335466 0.0858021 0.09343447 0.09972462 0.1061508 0.1152562 0.1206731 0.1281601 0.1384233 0.1462942 0.1542887 0.163878 0.172154 0.1804993 0.1891904
0.09534149 0.09044889 0.09 0.09044889 0.09241753 0.09486833 0.09534149 0.09840732 0.0914385 0.08485281 0.07636753 0.0700357 0.06184658 0.05507268 0.051 0.04695743 0.04295347 0.03710795 0.036 0.036 0.03649658 0.039 0.039 0.04036087 0.03498571 0.02580698 0.01920937 0.01081665 0.003 0.006 0 0.006 0.01341641 0.0212132 0.03088689 0.03841875 0.04579301 0.05636488 0.06307139 0.07130919 0.0825409 0.09109336 0.09019978 0.087 0.08746427 0.08782369 0.087 0.08720665 0.08405355 0.08405355 0.08485281 0.08658522 0.09024965 0.09391486 0.09571833 0.1026158 0.1083743 0.1145513 0.1231097 0.127914 0.135 0.1447791 0.152322 0.1600156 0.169068 0.1771017 0.1852242 0.1961734
0.1041393 0.09940825 0.099 0.09940825 0.1012028 0.1034456 0.1036195 0.1041393 0.09758074 0.09124143 0.08275869 0.07683749 0.06906518 0.06307139 0.05909315 0.05515433 0.05126402 0.04589117 0.045 0.045 0.04539824 0.04743417 0.04743417 0.04743417 0.04080441 0.03189044 0.02545584 0.01697056 0.006708204 0 0 0.003 0.012 0.021 0.033 0.042 0.051 0.06074537 0.06708204 0.07517979 0.08590693 0.09415413 0.09918165 0.096 0.09642095 0.09674709 0.096 0.09618732 0.09304838 0.09304838 0.093771 0.09534149 0.09868131 0.09931767 0.1034456 0.109859 0.1152562 0.1210826 0.1294179 0.1337946 0.1405845 0.15 0.1572927 0.1647544 0.1734042 0.1812457 0.1891904 0.1999225
0.112969 0.1083743 0.108 0.1083743 0.1100227 0.1120892 0.1120089 0.1103087 0.1039663 0.09758074 0.0894986 0.08160882 0.07666159 0.07111961 0.06708204 0.06356886 0.05977458 0.05474486 0.054 0.054 0.05433231 0.05604462 0.05604462 0.05341348 0.04666905 0.03818377 0.03088689 0.02163331 0.01272792 0.006708204 0.00424264 0.006708204 0.01236932 0.0212132 0.03313608 0.04210701 0.05108816 0.06307139 0.07156117 0.07925907 0.08989994 0.09794897 0.1060236 0.105 0.105385 0.1056835 0.105 0.1051713 0.1020441 0.1020441 0.1027035 0.1041393 0.1072054 0.1075407 0.1113643 0.1173456 0.1224132 0.127914 0.1358308 0.1400071 0.1465094 0.1555667 0.16261 0.1698382 0.1780899 0.1857337 0.1934942 0.204
0.1243101 0.1201499 0.1200375 0.1205985 0.1223765 0.1244548 0.1243101 0.1166919 0.1103902 0.1044844 0.09734988 0.09004999 0.08590693 0.08049845 0.07689603 0.07409453 0.07061162 0.06627217 0.066 0.066 0.06661081 0.06841052 0.06579514 0.05939697 0.05247856 0.04263801 0.03612478 0.02765863 0.01920937 0.01529706 0.015 0.01897367 0.0212132 0.02830194 0.039 0.04743417 0.05604462 0.06768309 0.07595393 0.08485281 0.09674709 0.1056835 0.1140395 0.1170385 0.1176138 0.1173456 0.117 0.1173456 0.114 0.1141578 0.1149826 0.1164989 0.1195492 0.1197748 0.1234382 0.1291395 0.1339627 0.1392013 0.1467549 0.1506287 0.1569777 0.1656804 0.1724674 0.1794492 0.1872779 0.1946998 0.2022498 0.2124924
0.1332216 0.1291395 0.1290349 0.1295569 0.1312136 0.133154 0.1315219 0.1231097 0.1171537 0.1116065 0.1049571 0.09794897 0.09391486 0.08863972 0.08538149 0.0825409 0.07942921 0.07523962 0.075 0.075 0.07553807 0.07712976 0.07212489 0.06489992 0.05762812 0.04883646 0.04242641 0.03394112 0.02683282 0.02418677 0.024 0.02683282 0.02830194 0.03394112 0.04326662 0.051 0.05909315 0.06926037 0.07788453 0.08658522 0.09827004 0.1070794 0.1159181 0.1260357 0.1265701 0.126321 0.126 0.126321 0.123 0.1231463 0.1239113 0.1253196 0.1281601 0.1281601 0.1315903 0.1369525 0.1415097 0.1464787 0.151344 0.1572069 0.1633554 0.17184 0.1783928 0.1851513 0.1926084 0.1998324 0.2071956 0.217205
