MyMainGIS/bin/Debug/Data/DLS_Input/lowRisk_basic/sc1gr0.grid
ncols         442
nrows         735
xllcorner     -502080.37185814
yllcorner     2671876.5851211
cellsize      100
NODATA_value  -9999
[rows 270 to 299 of 735, columns 136 to 203 of 442]
0.1710263 0.1714205 0.1722846 0.1712104 0.1731704 0.1752627 0.1771017 0.1789972 0.1813202 0.1783171 0.1765673 0.1752627 0.1742326 0.174 0.1711052 0.1711052 0.1716566 0.172676 0.1744133 0.1722846 0.1736116 0.1760824 0.1784433 0.1812209 0.1827786 0.1865074 0.1905886 0.1965401 0.2013579 0.2064558 0.2113031 0.2170392 0.222991 0.2312336 0.2376258 0.2421652 0.2512131 0.2581569 0.2652244 0.2748236 0.2804318 0.2878906 0.2979681 0.3056174 0.3133385 0.3222452 0.329577 0.3369896 0.3469899 0.3545716 0.3622182 0.3709946 0.3788087 0.3866743 0.3972367 0.4052111 0.4118859 0.4226701 0.4308004 0.4332586 0.4212944 0.4125736 0.4036087 0.391658 0.382697 0.3737379 0.3621064 0.35316
0.1830983 0.1836137 0.1845671 0.1835647 0.1855398 0.187542 0.1894518 0.1913661 0.1936802 0.1894518 0.1879495 0.1868689 0.1860968 0.186 0.1830246 0.1832212 0.1838831 0.1849811 0.1866039 0.1845671 0.1859516 0.1884516 0.1908009 0.1935407 0.195 0.1986353 0.2026055 0.2083867 0.2130634 0.2180115 0.2226073 0.2281776 0.2339615 0.2419793 0.2482035 0.2525173 0.2613446 0.2681268 0.2750364 0.284431 0.2898224 0.2971363 0.3070277 0.3145425 0.3221335 0.3308308 0.3386148 0.3463019 0.3561418 0.3636069 0.3711401 0.3797104 0.3874184 0.395181 0.4056107 0.4134888 0.4200107 0.4306751 0.4385031 0.4295137 0.4175284 0.4087053 0.3997211 0.3877435 0.3787611 0.3697797 0.3580196 0.3490458
0.1920937 0.1925851 0.1934942 0.192398 0.1942833 0.1964714 0.1982952 0.200125 0.2023388 0.1982952 0.1968604 0.195829 0.1950923 0.195 0.1920234 0.1922108 0.1928419 0.1938891 0.1955761 0.1934942 0.1948153 0.1972029 0.1994492 0.2020718 0.2033372 0.206826 0.2106419 0.2162082 0.2207193 0.2254994 0.2298282 0.2352275 0.2408423 0.2486383 0.2546998 0.2588011 0.267421 0.2740529 0.2808167 0.2900241 0.295222 0.3024054 0.3121298 0.3195246 0.327 0.3354907 0.343169 0.3509102 0.3612977 0.3686584 0.3744236 0.3844802 0.3920944 0.3997662 0.4100792 0.4178732 0.4242641 0.4348241 0.4381644 0.4291678 0.4171726 0.4082756 0.3992819 0.3872906 0.3782975 0.3693047 0.3574535 0.3484652
0.2010895 0.2015589 0.2024278 0.2012461 0.2030493 0.2052316 0.2071521 0.2089043 0.2110261 0.2071521 0.205779 0.2047926 0.2040882 0.204 0.2010224 0.2012014 0.2018044 0.2028053 0.2045507 0.2024278 0.2036909 0.2059757 0.2081274 0.2106419 0.2117286 0.2150814 0.2187533 0.2241183 0.2284732 0.2330944 0.2371708 0.2424067 0.2478588 0.2554408 0.2613446 0.2652414 0.2736585 0.2801428 0.286763 0.2957854 0.3007939 0.3078474 0.3174051 0.3246798 0.3320391 0.3403248 0.3478965 0.3555348 0.3658155 0.3735934 0.3794733 0.3893995 0.3969194 0.4044997 0.4146951 0.4224039 0.4286642 0.4391184 0.4380102 0.4290105 0.4170108 0.4080441 0.3990451 0.3870465 0.3780476 0.3690488 0.3571134 0.3481164
0.2130845 0.2135275 0.2143479 0.2130634 0.2147673 0.2168317 0.2189794 0.2206377 0.2226477 0.2189794 0.217681 0.2167487 0.2160833 0.216 0.2130211 0.2131901 0.2137592 0.2147044 0.2165202 0.2143479 0.2155412 0.2177016 0.2197385 0.2221216 0.222991 0.2261769 0.2296715 0.2347871 0.2389477 0.2407862 0.2471315 0.2521607 0.2574063 0.264715 0.2704163 0.2740529 0.2822074 0.2884996 0.2949322 0.303712 0.3084753 0.3153569 0.3246937 0.3318087 0.3390133 0.3470288 0.3544573 0.3619572 0.3720605 0.3797104 0.3858938 0.3961818 0.4035753 0.4110329 0.4210701 0.4270761 0.4347517 0.4450629 0.4380924 0.4290944 0.4170971 0.4080441 0.3990451 0.3870465 0.3780476 0.3690488 0.3570126 0.348013
0.2220811 0.2225062 0.2232935 0.2219392 0.2235755 0.2255593 0.2278618 0.2294559 0.2313893 0.2278618 0.2266142 0.2257188 0.22508 0.225 0.2220203 0.2221823 0.2227285 0.2236359 0.2253996 0.2232935 0.2244393 0.2265149 0.2284732 0.2307661 0.2314865 0.234557 0.2379286 0.2428703 0.2468947 0.2485659 0.2547175 0.2595997 0.2646979 0.2718106 0.2773662 0.2808167 0.2887802 0.2949322 0.3012275 0.309829 0.3144138 0.3211682 0.3303407 0.3373366 0.3444256 0.3522414 0.3595622 0.3669578 0.376927 0.3844802 0.3905189 0.4008004 0.4085731 0.4160925 0.4260105 0.4318854 0.439477 0.4473622 0.4383697 0.4293774 0.4173883 0.4082756 0.3992819 0.3872906 0.3782975 0.3693047 0.3572016 0.3482068
0.2310779 0.2314865 0.2322434 0.2308246 0.2323984 0.2343075 0.236753 0.2382876 0.2372277 0.236753 0.2355525 0.2346913 0.2340769 0.234 0.2310195 0.2311753 0.2317002 0.2325726 0.2342691 0.2322434 0.2333452 0.2353423 0.2372277 0.2394368 0.2400188 0.2440348 0.2473863 0.2522855 0.2562674 0.2578779 0.2639489 0.2687638 0.2737901 0.2808006 0.2839243 0.2896204 0.2974693 0.3035342 0.3097418 0.3182263 0.3226918 0.3293585 0.3384154 0.3453259 0.3523308 0.36 0.3672397 0.3745557 0.3844216 0.3918992 0.3978253 0.408011 0.4157139 0.4234678 0.4335493 0.4393233 0.446849 0.4448202 0.4358371 0.4268548 0.4146951 0.4057105 0.3967266 0.3847493 0.3757672 0.366786 0.3546223 0.3456385
0.2431666 0.2436657 0.2444954 0.2431481 0.2447529 0.2466759 0.2490723 0.2506392 0.2495957 0.2482035 0.247168 0.2464569 0.2460183 0.2460183 0.243 0.2432961 0.2439057 0.2448449 0.2466029 0.2444954 0.2456522 0.2476954 0.2495957 0.2518035 0.2523569 0.2552822 0.2584879 0.2631806 0.267 0.268412 0.2742499 0.2788871 0.283734 0.2905047 0.2934025 0.298918 0.306529 0.312418 0.3184525 0.324569 0.3309532 0.3374567 0.3463019 0.3530581 0.3599125 0.3673255 0.3744236 0.3816019 0.3912902 0.3986389 0.4043773 0.414402 0.4219881 0.4296289 0.4398966 0.4460728 0.4534865 0.4457096 0.4367448 0.4277815 0.4155622 0.4065968 0.397633 0.3856838 0.376724 0.3677662 0.3555348 0.3465747
0.2521607 0.252642 0.2534423 0.2520357 0.2535843 0.2554408 0.2579651 0.2594783 0.258366 0.2571264 0.2561269 0.2554408 0.2550176 0.2520179 0.252 0.2522855 0.2528735 0.2537794 0.255476 0.2534423 0.2545584 0.2565307 0.258366 0.2604995 0.260931 0.2637613 0.2668651 0.271413 0.2751182 0.276391 0.2820638 0.2865746 0.2912937 0.2978926 0.3006293 0.3060147 0.3134533 0.3192147 0.325123 0.3310347 0.3372966 0.3436801 0.3523691 0.3590111 0.365754 0.3729785 0.3799711 0.3870465 0.3966018 0.4038539 0.4094533 0.4193566 0.4268548 0.4344099 0.4445672 0.4506994 0.4584506 0.4465871 0.4376403 0.4286957 0.4164385 0.4074923 0.3985486 0.3866277 0.3776903 0.368756 0.3564828 0.3475471
0.2611551 0.26162 0.2623928 0.260931 0.2624271 0.2642215 0.2668651 0.2683282 0.2671516 0.2660545 0.2650887 0.2644258 0.264017 0.2610172 0.261 0.2612757 0.2618434 0.2627185 0.2613962 0.2623928 0.2634711 0.2653771 0.2671516 0.2692155 0.2695329 0.2722737 0.2752817 0.2796927 0.2832896 0.284431 0.2899466 0.2943366 0.2989331 0.305367 0.3079497 0.3132092 0.3204809 0.3261181 0.3319036 0.3376167 0.3437586 0.3500243 0.3585596 0.365089 0.3717217 0.3787611 0.3856488 0.3926219 0.4020448 0.4092004 0.4146625 0.4244443 0.4318542 0.4393233 0.4493696 0.4553779 0.4595487 0.4476438 0.4387186 0.4297965 0.4175069 0.4085841 0.3996649 0.3877783 0.378868 0.3699622 0.3576549 0.3487492
0.2731483 0.2735928 0.2743319 0.2728021 0.2742335 0.2759511 0.2786772 0.2801428 0.2788871 0.2779658 0.2770415 0.2764073 0.2760163 0.2730165 0.273 0.2732636 0.2738065 0.2746434 0.2732472 0.2743319 0.2753634 0.2771877 0.2788871 0.2808647 0.2810409 0.2836706 0.2865589 0.2907989 0.2942601 0.2952372 0.3005545 0.3047917 0.3092329 0.3154568 0.3178443 0.3229427 0.33 0.3354773 0.3411041 0.3465617 0.3525479 0.35866 0.3669946 0.3733765 0.3798645 0.3866626 0.393412 0.4002499 0.4094972 0.4165249 0.4218068 0.4314267 0.4387186 0.4460728 0.4559704 0.4618149 0.4611909 0.4493295 0.4404384 0.4315518 0.4192279 0.4103425 0.4014623 0.3896306 0.3807637 0.3719032 0.3595622 0.350705
0.2821436 0.2825739 0.2832896 0.2817126 0.2830989 0.2847631 0.2874056 0.2890138 0.287703 0.2869042 0.2860087 0.2853945 0.2850158 0.282016 0.282 0.2822552 0.2827808 0.2835913 0.2821436 0.2832896 0.2842886 0.2860559 0.287703 0.2896204 0.2896981 0.2922499 0.2950542 0.2991739 0.3025393 0.3034007 0.3085774 0.3141274 0.3185231 0.3246798 0.327 0.3320391 0.3390133 0.3444256 0.3499857 0.3553323 0.3612478 0.3672887 0.3755277 0.3818377 0.3882538 0.3949304 0.401608 0.4083748 0.4175284 0.4244868 0.4296708 0.4392004 0.4464258 0.4537146 0.4635267 0.4685381 0.4596662 0.4478448 0.4389852 0.4301314 0.417787 0.4089364 0.4000925 0.3883117 0.3794852 0.370667 0.3583085 0.3494968
0.2912473 0.2917567 0.2925423 0.2910464 0.2924808 0.2941836 0.2968636 0.2983907 0.2969849 0.2955267 0.2947491 0.2942448 0.294 0.2910618 0.2910154 0.2913864 0.291988 0.2928652 0.2914944 0.2925423 0.2936018 0.2954353 0.2971212 0.2990685 0.2991739 0.301735 0.3045407 0.3086503 0.312 0.3128354 0.3179717 0.3220637 0.3263526 0.3323643 0.3345504 0.3394775 0.3463019 0.351602 0.3570504 0.3622182 0.3680231 0.3739545 0.3820497 0.3882538 0.3945656 0.4010698 0.4076469 0.4143151 0.4233403 0.4302046 0.4352585 0.4446684 0.4518064 0.4590098 0.468711 0.4701202 0.4612787 0.4494997 0.4406734 0.4318542 0.4194961 0.4106824 0.4018769 0.39015 0.381366 0.3719274 0.3602249 0.3514612
0.3032375 0.3037269 0.3044815 0.3029257 0.3043041 0.3059412 0.308519 0.3102209 0.3088689 0.3074671 0.3067198 0.3062352 0.306 0.3030594 0.3030148 0.3033711 0.303949 0.3047917 0.3033562 0.3044815 0.3054996 0.3072621 0.3088835 0.3107571 0.3107426 0.3132092 0.315913 0.3198766 0.3231099 0.3238055 0.3287704 0.3327296 0.3368828 0.3427098 0.344726 0.3495097 0.3561418 0.3612977 0.3666019 0.37154 0.3772015 0.3829909 0.390899 0.3969648 0.4031402 0.4094203 0.4158654 0.4224039 0.4312598 0.438 0.4428837 0.4521349 0.4591568 0.4662467 0.4758004 0.4724881 0.4636917 0.4519757 0.4431986 0.4344307 0.4220628 0.4133038 0.4045553 0.3929084 0.3841875 0.3747239 0.3631116 0.3544192
0.3122307 0.3127059 0.313439 0.3118413 0.3131805 0.3147713 0.3172775 0.3191019 0.3177168 0.3164254 0.3156992 0.3152285 0.315 0.3120577 0.3120144 0.3123604 0.3129217 0.3137403 0.3122595 0.313439 0.3144281 0.3161408 0.3177168 0.3195387 0.3194401 0.32184 0.3244719 0.3283322 0.331483 0.3320798 0.3369229 0.3407873 0.3448434 0.3505382 0.352433 0.3571134 0.3636069 0.3686584 0.3738582 0.3786304 0.3841875 0.3898731 0.3976443 0.4036087 0.4074923 0.4158005 0.4221481 0.4285907 0.4373214 0.4439696 0.4487282 0.4578613 0.4647967 0.4718018 0.4812452 0.4744555 0.4656962 0.4540319 0.4452954 0.4365696 0.4242004 0.4154865 0.406785 0.3952037 0.3865346 0.3770584 0.3655202 0.3568865
0.3212242 0.3216862 0.3223988 0.3207616 0.3220637 0.3236109 0.3260491 0.3279893 0.3265593 0.3253859 0.3246798 0.3242221 0.324 0.3210561 0.321014 0.3213503 0.321896 0.3226918 0.3211682 0.3223988 0.3233605 0.3250262 0.3265593 0.3283322 0.3281539 0.3304906 0.3330541 0.336816 0.3398882 0.340391 0.3451174 0.3488911 0.3528541 0.3584215 0.3602 0.3647808 0.3711401 0.3760904 0.3811889 0.3858005 0.3912557 0.39684 0.4044774 0.4103425 0.4140978 0.422276 0.4285277 0.4348758 0.4434828 0.45004 0.4546757 0.4636917 0.4705411 0.4774621 0.4860463 0.4765847 0.4678654 0.4562565 0.4475634 0.4388827 0.4265173 0.4178517 0.4092004 0.3976896 0.3890758 0.3795919 0.3681331 0.3595622
0.3332161 0.3336615 0.3343486 0.332662 0.3339176 0.3354102 0.3377632 0.3397955 0.3383622 0.3373366 0.3366556 0.3362142 0.336 0.3330541 0.3330135 0.3333377 0.3338637 0.3346311 0.3330541 0.3343486 0.335276 0.3368828 0.3383622 0.3371365 0.3397955 0.3420526 0.3445301 0.3481681 0.351141 0.3515252 0.3561039 0.3597624 0.3636069 0.3690122 0.3706427 0.375096 0.3812833 0.3861036 0.3927595 0.3972367 0.402604 0.4080992 0.4156164 0.4213906 0.425027 0.433082 0.4392414 0.4454975 0.4539824 0.4583819 0.4649613 0.4738576 0.4806184 0.4874515 0.4862592 0.4767829 0.468125 0.4566016 0.4479754 0.4393643 0.4270129 0.418422 0.4098487 0.398447 0.3899192 0.3804326 0.3690976 0.3606245
0.3423288 0.3428411 0.3435884 0.3419737 0.3432739 0.3448043 0.3471973 0.3492005 0.3471973 0.3460549 0.3454692 0.3451174 0.345 0.3420132 0.3420526 0.3424734 0.3430641 0.3438895 0.3423814 0.3435884 0.3445693 0.3462369 0.3477542 0.3465617 0.349252 0.3515252 0.3540127 0.3576549 0.3578058 0.3609986 0.3655571 0.3691951 0.3730147 0.3783808 0.3799711 0.3843865 0.3905189 0.3952948 0.4002162 0.4045442 0.4098158 0.4152156 0.4226062 0.4282861 0.4318021 0.4397328 0.4458004 0.4519657 0.4603314 0.4646128 0.4711051 0.4798875 0.4865645 0.4933153 0.4879221 0.4792963 0.4706846 0.4592254 0.4506495 0.4420905 0.4297546 0.4212197 0.4127045 0.4013839 0.3929198 0.3834371 0.3721935 0.3637925
0.3513204 0.3518195 0.3495612 0.3508974 0.3521647 0.3536566 0.3559902 0.3579944 0.3561418 0.3550282 0.3544573 0.3541144 0.354 0.3510128 0.3510513 0.3514612 0.352037 0.3528413 0.3512948 0.3525479 0.3535039 0.3551296 0.356609 0.3553703 0.3579944 0.3602124 0.3626403 0.3661967 0.3662704 0.36939 0.3738462 0.3774043 0.3811417 0.3863949 0.3878827 0.3922091 0.398221 0.4029057 0.4077352 0.4119187 0.4170971 0.4224039 0.4296708 0.4352585 0.438657 0.4464661 0.4524434 0.4585193 0.4667676 0.4709331 0.4773395 0.4860093 0.4926033 0.4992725 0.4905435 0.4819647 0.4734015 0.4620097 0.4534865 0.444982 0.4326662 0.4241898 0.4157355 0.4044997 0.3961023 0.3866277 0.3754797 0.3671539
0.3633098 0.3637925 0.3615093 0.3628016 0.3640275 0.3654709 0.3677295 0.3667493 0.368072 0.3669946 0.3664424 0.3661107 0.366 0.3630124 0.3630496 0.363446 0.3640028 0.3647808 0.3631859 0.3644846 0.3654217 0.3669946 0.3684264 0.3671294 0.3696701 0.3718185 0.3741711 0.3776188 0.377595 0.3806219 0.384948 0.3884044 0.392037 0.3944515 0.3985035 0.4027158 0.4085731 0.4131404 0.4178517 0.4218495 0.4269075 0.4320937 0.4392004 0.4446684 0.4479152 0.4555656 0.4614249 0.4673842 0.4754787 0.4794935 0.485787 0.4943086 0.5007933 0.5066004 0.4942722 0.4857592 0.4772641 0.4659668 0.4575172 0.4490891 0.4368066 0.4284122 0.4200429 0.4089254 0.4006208 0.3911636 0.3801486 0.3719274
0.3723023 0.3727734 0.3704727 0.3717338 0.3729303 0.3743394 0.3765448 0.3755156 0.3770225 0.3759708 0.3754318 0.375108 0.375 0.3720121 0.3720484 0.3724352 0.3729785 0.3737379 0.3721089 0.3733765 0.3743635 0.3758989 0.377297 0.3759588 0.3784402 0.3805391 0.3828381 0.3862085 0.3861153 0.3890758 0.393309 0.3966926 0.4002499 0.4025481 0.4065194 0.4106494 0.4163953 0.4208776 0.4255032 0.429367 0.4343374 0.439436 0.4464258 0.4518064 0.4549429 0.4624771 0.4682499 0.4741234 0.4821047 0.4860093 0.4922195 0.5006316 0.5070355 0.5095498 0.4972404 0.4887791 0.4803374 0.4691141 0.4607223 0.4523539 0.4401011 0.4317707 0.4234678 0.4124427 0.4042104 0.3947708 0.3838593 0.3757193
0.3812952 0.3817551 0.3794377 0.3806691 0.3818377 0.383214 0.3853686 0.3842928 0.3859754 0.384948 0.3844216 0.3841054 0.381 0.3810118 0.3810472 0.381425 0.3819555 0.382697 0.3810354 0.3822735 0.383308 0.3848077 0.3861735 0.3847961 0.3872209 0.3892724 0.3915201 0.3948164 0.3946568 0.3975538 0.4016977 0.4050111 0.408496 0.4106824 0.4145757 0.4186263 0.4242641 0.4286642 0.4332066 0.4369405 0.4418258 0.4468389 0.4537146 0.4590098 0.462039 0.4694593 0.4751474 0.4809366 0.4888067 0.4926033 0.4987314 0.5070355 0.5133595 0.5126402 0.5003529 0.4919451 0.4835587 0.4724119 0.4640797 0.4557729 0.4435538 0.4352896 0.427055 0.416125 0.4079669 0.3958409 0.3850532 0.3770106
0.393412 0.3939264 0.391658 0.3929428 0.3941434 0.3955452 0.3977235 0.3966585 0.397633 0.3967266 0.396284 0.3960454 0.3930115 0.393 0.3931031 0.3935607 0.3941434 0.3949304 0.3933205 0.3945884 0.395568 0.3971121 0.3985035 0.3971461 0.399586 0.4016416 0.4038874 0.4071719 0.4069951 0.4098707 0.4139783 0.4172589 0.4207065 0.4228297 0.4266755 0.4306751 0.4362396 0.4405814 0.4450629 0.4486981 0.4535162 0.4584605 0.4652419 0.4704646 0.4734015 0.4807213 0.4863332 0.4920458 0.499813 0.5035087 0.5095586 0.5177587 0.5225514 0.5141916 0.5019422 0.4936163 0.4853144 0.4742847 0.466044 0.4578318 0.4456691 0.4375066 0.4293774 0.4185941 0.4105508 0.4011708 0.3905304 0.3826029
0.4024028 0.4029057 0.4006208 0.4018769 0.4030508 0.4044218 0.4065526 0.4054442 0.4065968 0.4057105 0.4052777 0.4050444 0.4020112 0.402 0.4021007 0.4025481 0.4031178 0.4038874 0.4022462 0.4034861 0.4045108 0.4060209 0.4073819 0.4059877 0.4083748 0.4103864 0.4125845 0.4158005 0.4155622 0.418379 0.4224039 0.4256195 0.429 0.4310197 0.4347931 0.4387186 0.4441824 0.4484473 0.452851 0.456365 0.461103 0.4659668 0.4726405 0.4777824 0.4806184 0.4878299 0.4933609 0.498993 0.5066537 0.510247 0.5162179 0.5243138 0.5259249 0.5176196 0.5053999 0.4971318 0.4888895 0.4779425 0.4697659 0.46162 0.4494997 0.4414079 0.4333521 0.4226701 0.4147059 0.4053554 0.3948278 0.3869884
0.411394 0.4118859 0.4095851 0.4108138 0.4119624 0.4133038 0.415389 0.414239 0.4155622 0.4146951 0.4142716 0.4140435 0.411011 0.411 0.4110985 0.4115361 0.4120935 0.4128462 0.4111751 0.4123882 0.4134561 0.4149337 0.4162655 0.4148361 0.4171726 0.419142 0.4212944 0.4244443 0.4241474 0.4269075 0.4308527 0.4340058 0.4373214 0.4392414 0.4429447 0.4467986 0.4521648 0.4563551 0.4606832 0.4640797 0.4687398 0.4735251 0.4800937 0.4851567 0.4878944 0.495 0.5004518 0.5060049 0.5135611 0.5170541 0.5229474 0.5309407 0.5294299 0.5211804 0.5089931 0.5007844 0.4926033 0.4817406 0.4736296 0.4642251 0.4534765 0.4454571 0.4374757 0.4268969 0.4190131 0.409695 0.3992819 0.3915316
0.4233828 0.4238608 0.4215401 0.4227339 0.4238502 0.4251541 0.4271815 0.4259789 0.4275184 0.4266755 0.426264 0.4260422 0.4230106 0.423 0.4230958 0.423521 0.4240625 0.4247941 0.4230851 0.4242641 0.4253869 0.4268231 0.428118 0.4266439 0.4289161 0.4308317 0.4329261 0.435992 0.4356203 0.4383081 0.4421516 0.4452247 0.4484574 0.4502499 0.4538634 0.4576254 0.4628661 0.4669604 0.4685574 0.4744365 0.4789958 0.4836797 0.4901122 0.4950727 0.4976836 0.5046514 0.51 0.5154503 0.5228699 0.5262328 0.5320244 0.5398833 0.5343032 0.5261302 0.5139903 0.5058627 0.497765 0.4870174 0.4789958 0.4696222 0.459 0.4510787 0.4431986 0.4327598 0.4249847 0.4157139 0.4054553 0.3978253
0.4323749 0.4328429 0.4305079 0.431677 0.4327702 0.4340472 0.4360332 0.4347931 0.4364871 0.4356616 0.4352585 0.4350414 0.4320104 0.432 0.4320937 0.4325101 0.4330404 0.4337568 0.4320208 0.4331755 0.4343374 0.4357442 0.4370126 0.4355066 0.4377328 0.4396101 0.4416628 0.4446684 0.4442432 0.4468792 0.4506495 0.4536651 0.456838 0.458539 0.4620877 0.4657832 0.4709331 0.4749579 0.4764714 0.4822541 0.4867402 0.4913502 0.4976836 0.5025694 0.5050882 0.5119551 0.5172282 0.5226031 0.5299227 0.5331904 0.5389072 0.5462472 0.538105 0.5299906 0.517889 0.5098235 0.5017898 0.4911303 0.483177 0.4738291 0.4633034 0.4554569 0.4476539 0.4373214 0.4280654 0.4203962 0.4102548 0.4027158
0.4413672 0.4418258 0.439477 0.4406223 0.4416933 0.4429447 0.444891 0.4436147 0.4454571 0.4446482 0.4442533 0.4440102 0.4410408 0.4410102 0.4411632 0.4416526 0.442233 0.4400091 0.4413162 0.4425076 0.4436045 0.4450629 0.4463653 0.444891 0.447151 0.449049 0.4511186 0.454141 0.4537246 0.456365 0.4601358 0.4631479 0.4663143 0.468 0.4715347 0.4752136 0.4803374 0.4843397 0.485824 0.4915699 0.4960262 0.5006046 0.5068935 0.5092318 0.5142179 0.5210336 0.5262671 0.5316014 0.5388655 0.5420793 0.5477527 0.5474157 0.5393413 0.5312966 0.5192427 0.5112514 0.5032942 0.4927403 0.484869 0.4755544 0.4651451 0.4573893 0.4496799 0.439477 0.4302674 0.422702 0.4127045 0.4052777
0.4534865 0.4539923 0.4516868 0.4528808 0.4539824 0.4552593 0.4572319 0.4559704 0.4571925 0.4564833 0.4561579 0.4560099 0.4530397 0.4530099 0.4531589 0.4536353 0.4542004 0.4519558 0.4532284 0.4543886 0.4555359 0.4569562 0.4582249 0.45671 0.4589118 0.4607613 0.4627786 0.4657252 0.4652419 0.4678173 0.4714965 0.4744365 0.477528 0.4790992 0.4825526 0.4861481 0.4911578 0.4950727 0.4964524 0.5020767 0.5064405 0.5109257 0.5170889 0.5193121 0.5242022 0.5308898 0.5360271 0.5412652 0.5484013 0.5514944 0.5570718 0.5527821 0.5447871 0.536824 0.5248286 0.5169236 0.509055 0.4986231 0.4908462 0.4815724 0.4712961 0.4636432 0.4560395 0.4459821 0.4368272 0.4293774 0.419539 0.4122353
0.4624771 0.462973 0.4606539 0.4618247 0.462905 0.4641573 0.4660923 0.4647967 0.4661695 0.465474 0.4651548 0.4650097 0.462039 0.4620097 0.4621558 0.4626229 0.4631771 0.4609176 0.4621656 0.4633034 0.4644868 0.4658798 0.4641573 0.4655803 0.4677403 0.4695551 0.4715347 0.474427 0.4738955 0.4764242 0.4800375 0.4829254 0.4859629 0.4874515 0.4908462 0.4943815 0.4993086 0.50316 0.5044641 0.51 0.5142967 0.5187138 0.5247857 0.526925 0.5317453 0.5383391 0.5434059 0.5485736 0.5532053 0.5586206 0.5641276 0.5569425 0.5490082 0.5411072 0.5291578 0.5213185 0.5135173 0.5031779 0.4954725 0.4862314 0.4760557 0.4684805 0.4609566 0.4510089 0.4418971 0.4345342 0.4248152 0.4176039
