MyMainGIS/bin/Debug/Data/DLS_Input/lowRisk_basic/sc1gr4.grid
ncols         442
nrows         735
xllcorner     -502080.37185814
yllcorner     2671876.5851211
cellsize      100
NODATA_value  -9999
[rows 594 to 626 of 735, columns 365 to 437 of 442]
18.94418 24.83736 29.39063 32.7942 31.24417 28.85794 21.45892 19.78057 15.57315 17.67649 8.848749 23.83322 29.3732 19.33302 14.49195 15.04237 14.85457 14.54954 25.25493 22.13439 21.6116 15.36952 11.08264 35.27939 20.10758 28.06232 7.054132 9.876473 16.75995 27.57273 28.28027 34.30835 22.79182 5.006282 11.34812 10.90502 24.15405 28.71331 25.9157 19.23932 14.06616 5.759621 4.058664 4.222687 6.423151 7.746974 12.22512 17.85668 17.1892 14.1295 23.84264 16.93148 4.43182 27.88704 25.75092 18.53131 19.07837 20.29804 14.78077 33.03785 29.40269 19.60317 17.1892 19.95345 20.35707 27.63101 26.13285 17.982 31.25616 19.05009 20.65571 29.23979 30.12872
36.82995 30.55151 24.44865 16.60461 16.04154 7.085727 22.58117 25.79603 22.65441 22.25978 17.72176 7.393958 15.31896 18.44032 22.2785 20.64878 20.55605 31.48688 34.5208 26.66818 21.06822 19.26217 19.59326 29.3732 27.12976 29.76314 29.77231 19.23932 22.36764 16.48152 19.40354 5.09562 18.35415 30.04388 33.24294 28.15505 27.48419 15.16946 16.93148 29.20593 34.84352 37.74277 34.99393 26.17366 24.92034 26.11487 17.76687 17.41623 13.77886 2.456395 23.82945 32.51252 30.2628 40.51194 30.21057 26.66818 32.72204 33.2737 35.16373 27.14359 24.16881 24.59125 19.71429 4.393377 25.86595 23.14202 23.16562 24.82851 19.00885 23.83322 15.82569 26.069 22.17839
18.56861 4.495149 9.046032 11.09731 14.53876 29.0698 38.85571 30.65119 27.16662 18.17476 9.719868 12.65932 23.67416 29.58125 10.96953 14.93838 15.80944 25.8925 26.33586 26.43883 16.72963 19.33302 23.30647 30.41093 35.34391 34.61478 39.96048 34.02137 12.17678 11.20418 4.058664 10.48288 23.59021 28.77326 11.08264 1.817522 17.39023 25.99006 28.52225 15.73115 8.735691 12.05719 13.64418 14.22205 14.78077 19.71921 25.54892 21.6116 20.272 25.60978 7.062044 26.15898 39.82598 31.01852 29.77624 32.34744 39.80346 36.97312 38.81447 33.76633 27.95884 29.08893 27.26604 20.37591 12.4551 24.77885 23.8934 22.14907 27.06196 31.53052 27.82966 33.70865 33.69936
2.862405 12.40776 28.69514 35.71753 39.26219 37.46065 30.00646 17.56269 7.085727 3.016961 10.43076 31.50576 33.81048 36.3961 28.30892 20.77538 8.063246 24.68443 24.18541 15.5433 15.04237 23.89527 29.21271 27.91051 18.69577 12.97935 19.11686 14.92097 7.014429 5.749849 9.009392 18.37304 31.31593 38.23641 39.81824 30.21822 27.51275 24.89214 8.111279 18.64822 17.15688 14.05495 15.88726 12.33854 7.210669 11.98121 8.459106 8.563128 9.787315 17.03574 15.19677 21.50051 21.4304 26.25983 22.16164 26.87562 33.10114 24.75752 22.95197 30.26661 35.06149 31.51166 30.88678 34.15144 22.95197 11.65789 13.26268 13.2146 19.77322 24.16881 25.25666 15.93889 23.9627
23.06114 24.19094 10.6478 18.52331 23.70838 18.23209 19.51118 9.937269 13.78268 20.77538 28.72867 24.71299 27.54877 26.24523 38.96315 21.01416 12.26015 20.26251 21.72619 12.81424 22.49119 22.61987 18.06769 7.782782 12.23389 2.719923 6.926249 9.970262 17.34387 21.31357 20.15781 16.91652 5.730256 9.870927 14.36504 12.65932 18.19663 31.19857 24.25896 22.37384 26.47728 34.02745 32.98509 35.03868 20.95765 19.67241 22.60562 23.08683 21.88053 15.35943 16.3104 17.08906 31.50576 30.3326 21.955 23.02549 18.4591 15.59961 12.36455 11.47126 10.16041 5.322853 26.60479 37.61044 36.69322 25.77265 24.43413 15.98069 17.69065 21.4304 24.17066 19.77077 31.31593
15.23763 16.87454 26.43883 30.3326 33.15459 20.0788 17.15688 9.702927 15.48341 21.94013 14.85106 19.18077 28.48547 3.769244 42.21026 28.86209 20.46274 22.04812 27.59069 20.84855 21.82283 21.39303 9.702927 10.80495 4.903792 7.062044 14.86507 21.14 32.11375 28.49679 27.09281 21.72619 21.45892 30.06448 36.22293 27.16662 27.05733 28.29317 16.93148 18.50461 29.0164 27.3679 22.73741 27.33149 25.79603 13.2146 18.58988 19.89037 13.90446 14.33949 18.88443 11.31949 21.97197 36.00673 31.72723 28.55613 30.51021 28.40739 24.44139 20.91228 21.66576 13.58599 12.33854 22.36764 34.50607 24.24244 23.01558 26.29708 30.97472 29.63417 28.97246 18.94159 26.7628
25.07455 24.23142 15.96463 15.57315 18.68258 20.38532 21.60508 7.804185 20.60017 12.26015 6.281943 15.5433 27.95152 15.87756 41.0202 26.16061 34.67226 34.03352 25.85099 18.60847 6.62914 4.393377 5.961016 11.94527 8.792413 12.63822 12.36888 24.80548 28.35609 24.00935 26.27279 25.58952 21.39303 23.65322 22.20139 23.49812 18.23209 17.39023 13.61706 17.982 25.37864 16.66574 20.24353 18.50461 30.2628 13.96111 24.71478 22.36764 22.48093 28.55613 26.59685 28.22569 15.99994 12.23389 16.5678 22.14068 34.00213 35.5553 30.96619 20.3075 17.35547 20.89183 17.68782 6.990494 17.84268 27.99389 27.09743 31.2789 25.52858 22.92805 27.48268 29.06023 23.27723
12.19438 10.43076 17.72176 27.51275 28.8219 24.69158 13.93471 12.05274 17.52837 21.30693 22.80188 19.89037 18.73791 13.33442 28.51377 22.05866 27.93982 15.61613 13.96488 8.842508 3.814075 5.961016 2.862405 19.85873 15.73115 18.54731 12.62555 21.72619 31.68177 13.04473 15.13181 14.59255 5.322853 7.54315 20.3075 17.57697 20.64878 20.57232 16.41955 23.76525 25.79936 18.05666 22.37384 22.47682 31.15043 34.67226 29.78279 20.51646 26.9675 31.98706 25.75761 32.49031 28.55613 28.20698 29.99224 36.71637 14.85457 17.15982 23.70838 26.88811 23.38612 18.02353 20.43932 23.9234 19.17311 30.27932 27.03724 20.99384 15.7573 21.99316 29.8859 22.12809 26.72029
16.50623 24.55166 26.21111 34.72373 23.93089 15.79642 15.48008 25.9157 19.19861 22.72124 21.82283 19.1399 13.06915 10.68351 14.94882 19.73396 11.34812 5.961016 1.967864 7.896225 10.39935 10.92491 13.77886 8.842508 22.68482 8.246893 17.97923 20.17929 24.28646 10.86011 9.870927 12.72658 12.62555 10.43599 17.15982 21.72619 20.60017 22.22853 21.95924 26.88031 26.05587 20.99384 23.84452 21.33569 25.37693 23.82756 16.07983 21.01416 31.57639 30.06448 28.1377 26.66818 19.7487 22.49119 39.5649 38.914 37.5349 25.74423 5.438008 22.58932 31.0961 24.00935 20.35707 24.75218 25.13722 14.88956 19.68967 27.00008 21.13553 21.11088 26.93175 20.85083 21.18246
25.35295 35.12121 19.29005 21.33569 16.95538 21.25371 31.29802 30.81928 24.57866 20.46975 4.315449 6.37937 9.462322 8.767251 5.438008 5.269658 9.094641 19.53361 18.25386 4.679913 21.04572 12.94241 22.8721 17.84828 19.07837 21.28035 14.78077 15.64251 17.09792 12.75587 13.65579 21.74127 21.57901 10.05223 12.0215 32.40116 23.61697 19.63041 25.19791 28.604 21.62244 22.17839 20.68341 11.72702 14.85457 16.55551 18.64028 27.67569 30.9357 15.22062 32.33174 14.2036 25.63508 22.48914 19.74133 13.34633 31.48806 34.91938 29.28843 14.32122 20.97802 32.09896 23.27528 17.82307 26.94575 17.5484 11.33382 18.27289 19.07837 12.33854 26.19484 27.26604 19.07837
12.05274 32.77237 26.33748 24.7005 17.932 20.48144 25.25493 20.02349 13.42151 10.66312 10.19798 6.37937 4.16874 7.973233 11.37191 8.811234 19.59574 16.63215 24.36138 24.53544 25.60303 27.79131 19.49621 23.86334 25.60978 21.77137 26.56823 17.15688 14.04373 13.86274 12.4894 8.077001 14.08483 22.48914 23.25966 26.02958 32.89968 31.39925 22.99175 13.67896 10.47768 18.60847 10.75958 0.675206 11.32904 13.26268 24.80902 28.21418 21.30693 18.4591 33.02602 25.96366 14.25152 18.02629 23.11839 26.28413 21.62244 30.77865 40.40593 37.59504 31.18775 20.37591 26.87406 25.31691 29.07663 19.60317 2.569503 11.12656 21.54635 28.24869 31.29802 29.29382 17.15688
5.09562 20.25065 31.45614 25.45378 16.18139 17.08906 26.02793 20.26251 11.99466 14.1999 8.842508 6.729689 5.720433 11.08264 12.22512 8.997144 15.59961 14.4087 11.46184 30.07349 29.12166 21.18246 17.43931 12.7098 22.14487 28.49255 25.79936 15.82244 18.57659 19.60317 19.17056 18.35415 19.78057 28.11889 30.8119 16.20982 14.35045 30.22205 38.5082 40.4303 30.33893 16.77508 12.41639 7.36374 12.94241 25.62834 30.61512 25.78935 23.29868 18.28646 31.28487 25.7191 22.18466 22.09236 27.4631 22.21809 21.45892 29.75265 36.00225 38.29782 35.5341 19.4512 16.06708 24.58586 34.11826 25.267 14.43409 4.972358 20.51646 27.30108 33.80638 25.65192 -9999
5.051153 8.406584 26.12141 39.15311 27.75878 33.76016 34.33518 20.84627 11.08264 3.438912 5.427643 1.967864 8.28043 12.77675 9.697272 9.191033 16.3448 18.44569 17.2068 21.0862 28.55613 14.22205 15.17971 20.1363 16.52781 20.06439 16.60155 11.2764 21.56378 27.07894 24.65045 17.13627 20.70415 24.07444 24.92034 23.04728 16.87454 10.66312 10.89007 21.04797 32.45694 41.2694 32.40228 22.54646 21.39303 23.91028 23.09472 27.37245 24.14112 18.35955 25.35295 23.38224 23.46344 21.18246 14.30658 24.69158 22.76565 12.4894 16.70229 25.41113 32.80838 41.76329 23.04134 21.39303 21.91249 20.53277 16.13388 13.25068 23.0888 25.25321 36.73779 23.65322 -9999
24.62715 15.0734 8.056359 16.03195 35.40353 24.37778 7.746974 1.817522 6.2551 9.468127 5.128712 1.687605 5.062307 8.485238 19.48122 26.3407 21.85491 15.9131 16.10529 7.917305 9.719868 22.06709 20.02349 19.78057 12.95884 20.0716 18.1227 19.31534 20.74555 14.22205 10.47768 11.31949 4.787291 5.258953 14.10346 19.58333 18.64822 13.61706 18.68258 25.01164 17.45659 22.31173 23.65322 17.84828 28.50953 25.7459 27.38759 22.12809 11.5976 12.62555 23.78982 23.69128 22.49939 21.74342 13.42151 18.49124 34.02137 21.67441 20.95765 14.27357 18.63233 29.59449 38.07986 29.10939 26.63017 20.0788 19.86847 26.70609 32.72971 28.11454 -9999 -9999 -9999
32.12739 20.77538 10.90502 5.226704 13.82468 4.972358 1.06752 3.181813 6.696347 7.825526 5.128712 6.201054 17.67649 22.13439 19.05009 11.63011 19.59326 20.68572 23.65322 25.09547 23.65322 7.140669 13.3622 9.514431 15.02164 23.79927 16.41955 15.61283 23.27333 19.92679 20.15781 22.41718 17.50831 19.48122 27.13591 27.04806 21.8057 6.37937 28.5533 36.61752 35.9061 27.44652 17.982 16.91652 24.24244 28.7454 34.85506 17.00306 8.848749 14.3978 19.68967 24.49933 28.05505 27.26604 28.00993 29.3275 25.87923 24.75752 29.76707 21.51144 11.89113 9.009392 23.95335 20.0716 23.95335 20.43932 16.46605 31.57639 27.23857 -9999 -9999 -9999 -9999
31.39806 31.71209 5.427643 5.258953 7.952309 4.072588 1.721006 3.945476 7.117177 10.8501 11.79571 14.27724 24.65224 24.79838 28.53637 21.45892 12.05719 14.31024 14.31024 8.063246 24.27547 20.0788 17.03574 16.49388 18.09797 24.2608 20.0908 18.94159 20.38767 22.99175 24.31757 24.92738 29.21948 30.22205 30.25898 37.5349 32.20446 13.20255 34.97102 21.04572 28.34467 24.55166 13.008 23.68177 22.18466 32.68694 34.37782 13.59377 15.04237 26.99543 30.61886 29.01092 31.20218 34.44996 39.40091 39.82036 18.86359 20.92818 34.24356 18.64028 16.58315 14.56748 21.70248 8.386798 30.35917 23.58638 29.79849 40.05504 -9999 -9999 -9999 -9999 -9999
29.02737 31.37073 19.37588 12.0215 5.749849 6.526987 10.48288 14.92097 4.100294 20.7662 26.91773 26.71871 28.30892 19.89037 22.82398 30.43487 28.14493 23.32204 28.58712 31.09247 29.65134 20.82115 8.063246 14.49195 29.7093 28.8219 22.80188 18.82966 21.97197 19.17056 16.11483 11.37191 17.00008 13.20657 9.719868 19.07837 35.26439 25.81603 24.11337 24.90448 19.33302 24.24244 29.85725 18.43495 19.53361 28.6335 27.25384 23.62842 24.24244 14.06616 19.07837 25.79603 28.32752 30.98812 28.05505 29.82985 30.3402 16.91951 18.7563 21.77137 31.82124 11.37191 27.05733 39.84216 29.85725 30.05161 32.5103 20.95991 -9999 -9999 -9999 -9999 -9999
22.99374 16.60461 25.4606 23.63796 18.78516 8.386798 15.05617 12.4551 11.5976 10.86011 32.01797 25.13548 15.53334 13.61706 12.40776 14.03999 18.64822 15.88726 17.23023 16.13388 19.59574 23.9234 22.95197 21.31579 23.19507 18.87141 29.21948 26.97371 15.59961 11.79571 10.75958 10.05223 12.6888 18.32982 17.60548 22.41512 32.23609 28.82883 27.19728 26.79421 24.04286 19.40354 21.07272 21.6116 20.26014 23.2362 24.27913 24.93266 27.59069 18.38383 16.71445 19.71183 23.76714 26.74234 28.49255 32.59775 31.25496 19.4512 18.26202 21.62244 35.17882 22.06709 35.5341 39.81824 33.88925 37.30034 27.80459 -9999 -9999 -9999 -9999 -9999 -9999
17.29445 4.582315 16.11801 22.54033 26.069 5.720433 18.51262 10.35731 17.87904 8.917089 7.085727 34.21858 37.60801 24.71478 17.67649 12.97935 13.14211 21.9061 20.828 15.19677 8.293805 2.569503 4.495149 8.710355 18.57659 14.72425 26.96906 24.52101 31.34216 24.23693 19.49371 15.73115 12.26015 15.12838 21.04797 14.30291 27.97491 35.26814 21.67441 22.20139 22.63816 17.39023 16.70229 21.40623 27.46009 26.64444 30.06834 16.03195 29.03422 25.5218 27.03105 18.96232 20.95765 34.41146 29.66849 20.46274 30.58023 40.56232 43.98743 33.36983 36.07288 25.33923 38.63325 36.36635 41.20652 35.93492 -9999 -9999 -9999 -9999 -9999 -9999 -9999
24.21487 18.48321 23.55957 15.7573 28.05069 15.6491 20.90319 17.09792 17.60548 30.08378 29.12166 12.77675 11.2764 27.42237 32.62423 25.04837 10.35731 12.40776 9.583437 6.853225 15.43999 11.47126 9.719868 17.13627 33.55002 32.32277 30.4399 29.43749 23.32204 35.9915 27.41028 20.75932 26.29708 28.73564 12.36888 4.058664 9.191033 19.68967 24.45408 18.02629 25.41967 24.57866 17.1892 19.1399 25.18752 30.26788 24.27547 23.73873 33.22488 29.78279 26.05423 14.53876 26.79421 29.24385 28.02741 30.96498 35.9088 29.92229 29.35305 35.51472 35.94841 38.47142 35.77033 18.05666 22.83803 -9999 -9999 -9999 -9999 -9999 -9999 -9999 -9999
28.80107 29.31538 21.04797 16.5678 30.77742 14.22205 23.8934 17.32935 17.08314 20.67188 30.49141 29.99095 19.61061 18.77992 27.95884 26.11323 18.91044 15.35943 23.60168 19.15268 12.33854 13.15422 11.08264 4.262693 9.094641 13.26667 16.72659 18.93381 20.24353 31.98935 32.80074 20.77538 24.57866 23.34537 11.2764 10.10107 10.03044 9.508657 23.90278 32.88667 28.12468 16.55551 7.43155 11.12656 23.49042 25.19272 26.97527 26.21111 22.79182 21.0862 18.39461 16.49388 11.20418 10.75958 17.422 25.31175 26.7628 25.14243 23.65322 25.68386 25.80437 32.88667 18.00139 11.63011 -9999 -9999 -9999 -9999 -9999 -9999 -9999 -9999 -9999
22.71114 26.23386 22.61173 25.70401 25.03439 8.716697 19.6946 25.06757 18.86098 8.219958 9.577706 26.8428 29.24385 24.90448 18.56861 20.67188 14.14065 19.27991 17.28571 3.016961 7.725405 6.926249 6.423151 12.04828 17.49396 18.85055 21.64845 20.80972 20.99158 19.75851 26.3407 18.0097 29.06023 21.35997 13.26667 12.77258 15.22062 11.99466 7.609289 14.5997 8.118116 10.66312 6.063765 6.091478 24.69336 18.54198 10.48288 10.82504 12.26015 16.30727 18.35415 16.85952 14.75254 8.917089 7.667577 11.76829 18.52331 24.40689 22.80188 20.36649 18.02629 15.15578 13.20255 16.85049 -9999 -9999 -9999 -9999 -9999 -9999 -9999 -9999 -9999
3.109633 6.173848 31.39806 30.90759 11.56032 7.062044 24.9221 25.51331 2.433139 15.57315 13.59765 25.77265 18.00416 15.6787 10.3731 5.051153 2.635026 8.406584 12.26015 11.46184 6.37937 8.582483 5.885129 11.81851 15.42994 18.64822 25.19791 16.79624 19.18077 30.29329 22.44806 12.3342 13.61706 22.71114 28.93391 31.50223 13.32647 14.76313 21.01416 21.56813 21.22926 24.16881 29.62889 16.77508 19.00885 22.027 19.53361 18.0097 22.86409 23.7501 26.05587 19.90981 34.54042 44.68268 43.15945 22.00797 9.876473 18.66144 27.16662 25.36323 17.34677 14.1999 5.808223 13.93471 -9999 -9999 -9999 -9999 -9999 -9999 -9999 -9999 -9999
10.04679 6.344121 19.48122 27.59069 26.57778 19.86847 28.75794 14.51358 9.577706 9.719868 15.70167 34.81269 17.36707 9.421579 9.039936 5.550718 10.05223 22.54646 22.29097 19.89037 18.56861 20.26251 23.57681 12.05719 11.08264 11.00902 17.04761 33.06363 37.73313 28.14493 35.11364 37.59504 34.59133 30.96619 22.25978 36.87838 34.37485 24.51379 14.35045 14.88956 16.11801 15.26819 26.57778 34.58449 35.1524 39.16486 41.46156 22.34903 14.05495 18.18843 27.56824 14.71008 36.29084 21.04572 42.41224 38.24342 14.54954 36.84016 34.84352 31.59987 30.06448 16.18456 15.02164 14.32122 9.646225 -9999 -9999 -9999 -9999 -9999 -9999 -9999 -9999
14.03999 5.720433 14.23311 23.39193 28.99445 24.27547 9.374783 17.77532 11.47126 7.187414 21.83567 14.88257 11.81851 11.08264 20.02349 17.00306 17.48535 11.09731 14.14065 20.57464 26.75651 28.6349 26.55391 32.13647 36.64595 35.79667 30.33893 13.59377 7.125016 32.37992 25.97521 22.944 15.28852 15.60953 17.06243 17.34387 27.94421 23.30647 16.58315 7.264627 7.085727 14.66391 18.2457 21.96561 16.65659 21.22926 20.15542 24.43413 20.26251 21.31357 15.46673 24.89919 35.26533 1.687605 30.68098 40.94908 22.944 36.49981 18.02629 27.31933 31.68177 33.96967 31.8617 34.00517 24.73616 -9999 -9999 -9999 -9999 -9999 -9999 -9999 -9999
7.594644 13.008 4.380487 7.917305 10.68351 11.76829 17.03871 3.814075 14.7384 25.41967 19.53361 9.01551 15.88726 24.91153 25.14243 24.13187 14.51358 9.920729 27.89731 10.60683 10.35731 9.566236 11.40514 19.88794 13.77886 19.49621 50.94432 23.93464 29.54941 20.95765 24.43413 30.12615 35.08806 29.73427 21.72619 18.13368 9.094641 14.51358 21.88906 12.64667 16.16558 18.70368 18.05666 27.22788 29.79326 37.30695 35.49717 7.660316 15.53334 19.53361 32.59333 44.80874 39.38065 29.85725 29.20051 31.59635 20.90319 13.16632 8.18616 14.76313 15.98069 13.9498 12.64667 27.72322 -9999 -9999 -9999 -9999 -9999 -9999 -9999 -9999 -9999
28.0986 15.53334 3.33847 6.926249 16.72659 26.87562 16.70229 12.19438 18.00416 23.46922 23.08683 5.951584 12.33854 24.99588 23.49812 20.26251 24.20751 19.4161 18.94418 20.18644 21.59857 5.730256 10.16041 20.91228 20.35707 24.01494 2.433139 34.78567 30.79344 20.63028 24.54265 31.45614 22.946 6.603755 5.150652 25.14243 26.79421 24.97834 34.62941 28.83577 26.89903 10.3731 27.55476 36.42929 29.8976 22.21601 20.0788 30.58896 29.908 37.33583 42.09006 45.26852 22.61987 27.37245 27.32693 26.60479 18.41883 5.875573 16.50623 24.71478 25.65192 32.76909 37.73313 27.18042 -9999 -9999 -9999 -9999 -9999 -9999 -9999 -9999 -9999
18.56861 14.24416 18.35415 26.60479 29.67244 16.46605 1.01275 9.10675 21.67441 24.44139 34.28346 18.0097 11.64863 21.74127 7.140669 9.514431 16.78717 22.41512 18.09247 3.520405 24.54265 17.28279 10.16041 22.7596 13.59377 17.15688 22.01009 18.02629 18.80874 18.44032 24.3887 29.01092 12.47226 33.29382 39.21104 35.62974 32.2485 29.15433 27.36032 31.1251 15.22062 22.09236 33.79817 26.76751 18.74316 20.26251 19.24186 19.79281 16.3104 9.33363 32.00767 13.37805 27.46009 25.17366 25.83102 24.54265 17.44795 18.2457 16.91652 22.51373 34.41739 38.97876 20.18644 -9999 -9999 -9999 -9999 -9999 -9999 -9999 -9999 -9999 -9999
26.12795 39.97721 39.96327 28.87869 19.21135 12.60438 21.76062 30.59519 28.94631 30.23225 23.50965 23.11642 19.80993 23.75957 6.091478 5.09562 9.697272 19.75851 21.52672 19.78057 12.72658 16.91951 13.07322 12.10607 24.43413 28.44293 26.11487 16.49388 15.0734 13.12189 14.27724 28.26449 32.47697 24.77174 8.406584 15.7475 24.59125 27.30108 26.47888 27.41028 26.63017 18.52331 23.57107 24.77174 18.39461 18.27289 19.08865 17.36707 8.61464 7.43155 22.87811 16.30727 13.48836 18.35955 29.078 29.68693 21.59857 20.5351 27.17276 35.19861 31.88016 10.30979 33.20787 -9999 -9999 -9999 -9999 -9999 -9999 -9999 -9999 -9999 -9999
19.18842 11.58364 10.48288 7.140669 15.17971 14.93838 20.40412 20.64878 20.60944 23.65131 15.15578 7.179646 17.65097 31.12872 19.29511 14.53516 21.23593 4.072588 17.00306 15.48341 20.25065 24.42142 17.03871 5.710593 9.970262 22.58932 29.1312 23.37643 12.75587 7.333393 8.18616 14.62828 20.38767 2.385944 10.99916 21.47207 28.72448 24.30842 18.35415 29.11894 13.20255 14.1999 20.82115 31.2777 26.54276 25.96366 20.02349 13.7367 12.77675 10.14426 14.85106 3.321432 12.95884 23.57107 28.72448 25.97521 27.38759 30.00646 33.44445 20.89183 30.29837 43.49262 35.31869 -9999 -9999 -9999 -9999 -9999 -9999 -9999 -9999 -9999 -9999
10.45164 25.31175 23.91028 19.90981 12.30377 22.21809 26.16061 14.49195 24.04286 20.95765 20.73866 10.39935 8.380192 16.72356 13.49228 22.58117 17.50831 13.008 5.710593 10.6478 21.76062 9.583437 10.89007 18.89224 20.22215 15.95177 20.37591 15.61283 11.17514 2.901822 6.457954 15.84517 27.13591 21.59857 10.92491 17.86786 25.15805 12.01703 13.91581 15.84517 30.2628 30.18631 28.98758 24.16881 31.12872 28.61243 18.87141 15.87433 21.44138 21.6116 26.8381 21.34231 18.64822 27.07894 32.71217 35.17505 27.69799 25.9157 18.02629 29.08893 39.1766 33.38247 19.17311 -9999 -9999 -9999 -9999 -9999 -9999 -9999 -9999 -9999 -9999
31.05736 29.72114 20.72026 20.51646 13.65579 17.16864 25.74423 17.28279 21.18916 5.885129 6.918175 24.03728 28.16805 25.41113 25.37864 17.34677 3.769244 25.57431 23.11051 27.20493 24.88332 27.97491 30.71071 19.95587 6.721369 10.03044 11.31471 15.90988 17.83148 10.68351 22.72124 22.79182 19.53361 32.1603 29.02052 25.55739 34.7247 39.44135 34.20758 36.29348 24.62894 17.97923 21.83781 25.77265 13.34236 15.57315 16.9703 12.81424 11.91372 24.45046 13.3622 21.20922 27.16662 33.20468 24.79306 15.90988 21.17354 21.68305 20.51879 18.89224 15.5433 16.80228 -9999 -9999 -9999 -9999 -9999 -9999 -9999 -9999 -9999 -9999 -9999
7.014429 30.75274 31.59635 0.675206 17.68782 13.96111 23.04728 26.95818 17.22437 17.1892 11.32904 10.01407 13.23866 9.046032 9.094641 18.65086 30.4399 39.73921 30.8119 32.06935 35.72026 28.66155 6.492566 11.56032 17.84268 18.87922 17.35547 4.763642 17.36996 22.03334 25.62328 19.78057 17.03871 15.24103 21.39303 12.94241 13.79797 19.04752 12.94241 14.62471 14.27724 25.60978 25.06757 14.02125 28.27166 37.82293 35.33271 33.30968 34.46869 25.58445 19.23932 28.71331 28.8219 24.80902 25.75761 19.60317 21.90823 27.41482 21.17354 21.83567 12.72658 17.18333 -9999 -9999 -9999 -9999 -9999 -9999 -9999 -9999 -9999 -9999 -9999
