MyMainGIS/bin/Debug/Data/DLS_Input/lowRisk_basic/sc1gr0.grid
ncols         442
nrows         735
xllcorner     -502080.37185814
yllcorner     2671876.5851211
cellsize      100
NODATA_value  -9999
[rows 570 to 599 of 735, columns 340 to 407 of 442]
0.1477329 0.1548709 0.1632728 0.174568 0.1830983 0.1916716 0.20316 0.2110261 0.2197385 0.2313893 0.2401499 0.2489277 0.26005 0.268881 0.2777229 0.2895272 0.2983907 0.3067784 0.3186361 0.3275363 0.3364417 0.3483231 0.3568487 0.3657786 0.3776903 0.3866277 0.395568 0.4074923 0.416125 0.42508 0.4370229 0.4459821 0.4549429 0.4666326 0.4756017 0.484572 0.496534 0.5055067 0.5142616 0.5262328 0.5352121 0.544192 0.5561664 0.5651478 0.5739495 0.58593 0.594916 0.6039023 0.6158847 0.6247208 0.6337105 0.6456973 0.6546877 0.6636783 0.6755398 0.6845326 0.6935258 0.7055169 0.7145103 0.7233983 0.7353917 0.744387 0.7533824 0.7653764 0.774372 0.7832816 0.7952773 0.8042742
0.153 0.1596778 0.1678392 0.1788463 0.1871817 0.1955761 0.2058665 0.2144108 0.222991 0.2344803 0.2431296 0.2518035 0.2626671 0.271413 0.2801749 0.2918801 0.3006742 0.3088835 0.3206634 0.3295087 0.3383622 0.3501785 0.3585596 0.3674479 0.3793073 0.3882074 0.3971121 0.4089914 0.4175069 0.4264328 0.4383389 0.4472717 0.4562072 0.4677884 0.4767358 0.4856851 0.4976204 0.5065738 0.5152407 0.5271897 0.536153 0.5451174 0.5570718 0.5657924 0.5747643 0.5867282 0.5957021 0.6046768 0.6166441 0.6254119 0.6343918 0.646366 0.6553472 0.664329 0.6761257 0.6851109 0.6940965 0.7060779 0.7150643 0.7238957 0.7358811 0.7448705 0.7538601 0.7658466 0.7748368 0.7836951 0.7956846 0.8046769
0.1574357 0.1637681 0.1717353 0.1825075 0.190683 0.1989296 0.2089258 0.2173499 0.2258185 0.2371708 0.2457255 0.2543108 0.2649698 0.2736421 0.2823349 0.2939541 0.3056027 0.313683 0.3253998 0.3342005 0.3430117 0.3547746 0.3630496 0.3719032 0.3837186 0.3925876 0.4014623 0.4133038 0.4217321 0.4306332 0.4425076 0.4514178 0.4603314 0.4718305 0.4807588 0.4896897 0.5016014 0.5105379 0.5191387 0.5310678 0.5400167 0.5489672 0.5609037 0.5695657 0.5785257 0.5904744 0.5994372 0.6084012 0.6203547 0.6290708 0.6380416 0.6500039 0.6589764 0.6679499 0.679697 0.6886748 0.6976532 0.7096252 0.7186049 0.7273933 0.7393706 0.7483542 0.7573381 0.7693172 0.778302 0.7871214 0.7991045 0.8080922
0.1647544 0.1708157 0.1786197 0.1891904 0.1972257 0.2053412 0.2150814 0.2233943 0.2317585 0.2429815 0.2514458 0.2599461 0.2704163 0.2790161 0.2876404 0.2991739 0.3078474 0.3157848 0.3274263 0.3361741 0.3449348 0.3566343 0.3647931 0.3736054 0.3853686 0.3942005 0.4030397 0.4143043 0.4231702 0.4320416 0.4438784 0.4527615 0.4616492 0.4730592 0.4819647 0.4908737 0.5027574 0.5116737 0.5202038 0.532109 0.5410407 0.5499746 0.5618896 0.5704893 0.5794351 0.5913654 0.6003149 0.609266 0.6212029 0.6298643 0.6388239 0.6507718 0.659734 0.6686972 0.6803918 0.6893606 0.6983301 0.7102908 0.7192621 0.7280055 0.7399729 0.7489493 0.7579261 0.7698961 0.7786719 0.7876529 0.799628 0.8086099
0.1716042 0.1772287 0.184762 0.195 0.2028053 0.210706 0.2200455 0.2281776 0.2363726 0.2473863 0.2557049 0.2640682 0.2742499 0.2827331 0.2912473 0.3026434 0.3112202 0.3189608 0.3304906 0.3391593 0.3478448 0.3594496 0.3674479 0.3761981 0.3878827 0.3966585 0.4054442 0.4165573 0.4253763 0.4342027 0.4459821 0.4548241 0.4636723 0.4749579 0.4838285 0.4927038 0.5045443 0.5134296 0.5218621 0.5337303 0.5426353 0.5515433 0.5634252 0.5719388 0.5808623 0.5927638 0.6016926 0.6106234 0.62218 0.6311204 0.6400625 0.6519877 0.6609334 0.6698806 0.681502 0.6904563 0.6994119 0.7113544 0.7203125 0.7289938 0.7409453 0.74991 0.7588755 0.7708307 0.7795498 0.7885208 0.800483 0.8094554
0.1771017 0.1824089 0.1897367 0.1997198 0.2073475 0.2150814 0.2241183 0.2321077 0.2401687 0.2510159 0.2592181 0.2674715 0.2774311 0.2858199 0.2942448 0.3055291 0.3140271 0.3216162 0.3330541 0.3416577 0.3502813 0.361808 0.3696823 0.3783808 0.39 0.3987292 0.4074702 0.418465 0.4272447 0.4360332 0.4477645 0.456572 0.4653869 0.4765753 0.4854163 0.4942631 0.5060672 0.5149262 0.5232829 0.5351197 0.5440019 0.5528879 0.5647416 0.5731884 0.5820928 0.5939697 0.6028805 0.6117941 0.6232857 0.6322104 0.6411372 0.6530429 0.6619743 0.6709076 0.682472 0.6914138 0.700357 0.7122837 0.7212301 0.7298636 0.7418011 0.7507556 0.7597111 0.7716534 0.7803288 0.7892908 0.8012416 0.8102055
0.182877 0.1878776 0.195 0.2047267 0.2121745 0.2197385 0.2284732 0.2363155 0.2442376 0.2549118 0.2629924 0.2711309 0.2808647 0.2891539 0.2974845 0.3086503 0.3170647 0.3244996 0.3358393 0.3443733 0.3529306 0.3643734 0.3721209 0.3807637 0.3923124 0.4009913 0.409684 0.4205568 0.4292936 0.4380411 0.4497199 0.4584899 0.4672686 0.4783565 0.4871653 0.4959809 0.507745 0.5165752 0.5248542 0.5366563 0.5455135 0.5543754 0.5661979 0.5745764 0.5834595 0.5953092 0.6042003 0.6130946 0.624519 0.6334264 0.6423364 0.6542202 0.6631358 0.6720536 0.6835591 0.6924868 0.7014164 0.7133253 0.7222589 0.7308434 0.7427651 0.751708 0.7606524 0.7725801 0.7812106 0.7901626 0.8021004 0.8110549
0.190966 0.1955761 0.2024278 0.2118136 0.2190206 0.2263559 0.2346913 0.2423324 0.250064 0.2604995 0.268412 0.276391 0.2858199 0.2939694 0.3021672 0.3131661 0.3214623 0.3286883 0.3398882 0.3483231 0.3567857 0.3681087 0.3756834 0.384246 0.3956931 0.4042994 0.4129225 0.4236272 0.432302 0.4409898 0.4525925 0.4613079 0.470034 0.4809833 0.4897448 0.4985148 0.5102205 0.5190087 0.5271812 0.5389323 0.5477527 0.5565789 0.5683555 0.5766403 0.5854921 0.5973014 0.6061633 0.6150293 0.626361 0.6352425 0.6441273 0.6589423 0.6678353 0.6767311 0.6881584 0.697066 0.7059759 0.7178593 0.7267744 0.7352938 0.7471927 0.7561191 0.7650471 0.7769536 0.7855247 0.7944621 0.8063808 0.8153214
0.1994041 0.2038234 0.210535 0.2197385 0.2268127 0.2340192 0.2421281 0.2496498 0.2572664 0.2675556 0.2753634 0.283242 0.2924808 0.3005395 0.3086503 0.3195387 0.327756 0.3348462 0.3459508 0.3543177 0.3627148 0.3739545 0.3814132 0.3899192 0.4012942 0.4098487 0.418422 0.4290105 0.4376403 0.4462847 0.4578318 0.4665072 0.4751947 0.4860463 0.4947726 0.5035087 0.5151709 0.5239275 0.5320244 0.5437371 0.5525296 0.5613288 0.5730706 0.5812882 0.5901161 0.6018946 0.610734 0.6195781 0.6308423 0.6397039 0.6485692 0.6603953 0.669269 0.678146 0.6895107 0.698401 0.7072942 0.7191558 0.7280549 0.7365229 0.7484023 0.7573144 0.7662284 0.7781169 0.7866409 0.7955658 0.8074682 0.816397
0.205779 0.2100214 0.216541 0.2254994 0.2323984 0.2394368 0.247259 0.2546292 0.2621011 0.2722076 0.2798857 0.2876404 0.2966513 0.3045997 0.3126052 0.3233605 0.331483 0.3384154 0.3494066 0.3576926 0.3660123 0.3771538 0.3844802 0.3929198 0.4042104 0.4127045 0.4212197 0.431677 0.4402545 0.4488485 0.4603314 0.4689606 0.4776034 0.4883462 0.4970322 0.5057292 0.5173413 0.5260618 0.5340759 0.5457444 0.5545052 0.5632735 0.5749756 0.58312 0.5919206 0.6036638 0.6124777 0.621297 0.632488 0.6413268 0.65017 0.6619675 0.6708204 0.6796771 0.6909776 0.6998492 0.7087242 0.7205623 0.7294443 0.7378598 0.749718 0.7586145 0.7675135 0.7793825 0.7878585 0.7967697 0.8086544 0.8175701
0.2145157 0.2185063 0.22486 0.2334995 0.2401687 0.2469858 0.2544347 0.2616028 0.268881 0.2787418 0.2862447 0.2922499 0.3025393 0.3103369 0.3181981 0.3287704 0.3367625 0.3434836 0.3543177 0.3624914 0.3707034 0.381708 0.388856 0.3972027 0.4083748 0.4167841 0.4252176 0.4354963 0.444 0.452523 0.4639148 0.4724786 0.4810582 0.4916523 0.5002809 0.5089224 0.5204632 0.5291323 0.5370335 0.5486392 0.5573545 0.5660786 0.577724 0.5857688 0.5945301 0.6062227 0.615 0.6237836 0.634874 0.64368 0.6524913 0.6642477 0.6730705 0.6818981 0.6931104 0.7019551 0.7108037 0.7226078 0.731465 0.7398087 0.7516362 0.7605103 0.7693874 0.7812279 0.7896385 0.7985299 0.8103888 0.8192856
0.2212691 0.22502 0.2312336 0.2397186 0.2462194 0.2528735 0.26005 0.2670674 0.2742006 0.2838767 0.2912473 0.2970606 0.3071889 0.3148714 0.3226221 0.3330541 0.3409458 0.3475083 0.3582206 0.3663073 0.3744356 0.3853336 0.3923468 0.4006208 0.4117002 0.4200429 0.4284122 0.4385544 0.447 0.4554668 0.4667869 0.4752989 0.4828882 0.4943086 0.5028917 0.511489 0.5229732 0.5316014 0.5394164 0.5509719 0.5596508 0.5683397 0.5799397 0.5879081 0.5966381 0.6082903 0.6170381 0.6257931 0.6368061 0.6455858 0.6543714 0.6660946 0.6748933 0.6836973 0.6948417 0.7036647 0.7124921 0.7242686 0.7331057 0.7413946 0.7531972 0.7620531 0.7709125 0.7827298 0.7910904 0.7999656 0.8118036 0.820685
0.2281776 0.2317002 0.2377394 0.2460732 0.2524461 0.2589401 0.2658515 0.2727196 0.2797088 0.2892006 0.2964389 0.3020629 0.3120288 0.3195951 0.3272339 0.3375233 0.3453129 0.3517172 0.3623051 0.3703026 0.3783451 0.3891336 0.3960114 0.4042104 0.4151939 0.4234678 0.4317707 0.4417748 0.45016 0.4585684 0.4698138 0.4782719 0.4857592 0.4971137 0.5056491 0.5142003 0.5256253 0.5342106 0.5419382 0.553441 0.5620818 0.5707337 0.5822861 0.5901771 0.5988739 0.6104834 0.6192003 0.6279252 0.6388592 0.647611 0.6563696 0.6680576 0.6768309 0.6856099 0.696685 0.705485 0.7142898 0.7260372 0.734853 0.7430862 0.7548622 0.7636989 0.7725393 0.7843322 0.7926418 0.8014998 0.8133155 0.8221807
0.2394368 0.2427591 0.2486383 0.2567586 0.2630437 0.269416 0.2760652 0.2827808 0.2896204 0.298918 0.3060147 0.311437 0.3212242 0.3286609 0.3361741 0.3463019 0.352433 0.3602 0.3706427 0.3785353 0.3864764 0.3971348 0.4038539 0.4119624 0.4228297 0.4310197 0.4392414 0.4490791 0.4573893 0.4657252 0.4768773 0.485268 0.4926307 0.5039018 0.5123768 0.5208695 0.5322189 0.5407495 0.5483685 0.5598035 0.5683951 0.5769991 0.5884896 0.5962835 0.6049372 0.6164908 0.6251672 0.6338525 0.644686 0.6534011 0.6621239 0.6737655 0.682505 0.6905541 0.7022371 0.7110063 0.7197812 0.7314896 0.7402769 0.7484384 0.7601789 0.7689896 0.7778046 0.7895644 0.7978082 0.8066431 0.8184284 0.8272714
0.2466029 0.2497219 0.2554408 0.2633515 0.2694829 0.2757716 0.2822074 0.2887802 0.295481 0.3045997 0.311567 0.3168091 0.3264353 0.3337559 0.3411569 0.351141 0.3571134 0.3647808 0.375096 0.3828968 0.3907493 0.4012942 0.4078787 0.4159086 0.4266755 0.4347931 0.4429447 0.4526422 0.4608883 0.469162 0.4802343 0.4885673 0.4958266 0.5070266 0.5154503 0.5238931 0.5351785 0.5436626 0.5511923 0.56257 0.57112 0.5796835 0.5911219 0.5988364 0.6074537 0.6189604 0.6276026 0.6362547 0.6470062 0.6556905 0.6643832 0.6759859 0.684697 0.6926817 0.7043295 0.713073 0.7218227 0.7334985 0.7422621 0.7503659 0.7620767 0.7708657 0.7796595 0.7913918 0.799583 0.8083984 0.8201585 0.8289831
0.2514458 0.2568112 0.2623757 0.2700833 0.2760652 0.2822074 0.2884996 0.2949322 0.3014963 0.3104384 0.3172775 0.322343 0.3318087 0.3390133 0.3463019 0.3561418 0.3619572 0.369524 0.3797104 0.3874184 0.395181 0.4056107 0.4120607 0.4200107 0.4306751 0.4387186 0.4467986 0.4563551 0.4645353 0.4727452 0.4837354 0.4920091 0.4991643 0.5102911 0.5186617 0.5270531 0.5382722 0.5456785 0.554148 0.5654662 0.573973 0.5824946 0.5938787 0.6015131 0.6100926 0.6215505 0.6301571 0.6387746 0.6494429 0.6580949 0.6667563 0.6783185 0.687 0.6949194 0.7065303 0.7152468 0.7239703 0.735612 0.7443507 0.7523962 0.7640759 0.7728421 0.7816137 0.7933171 0.801455 0.8102499 0.8219836 0.8307888
0.2612757 0.2664432 0.2718106 0.2792579 0.2850474 0.291 0.2970152 0.3033562 0.3097418 0.3184525 0.325123 0.3299591 0.3392123 0.3462629 0.353402 0.3630496 0.3686584 0.3760904 0.3861036 0.3936864 0.4013278 0.4100792 0.4178732 0.4257147 0.4362396 0.4441824 0.4521648 0.4615322 0.4696222 0.4777447 0.4886225 0.4968148 0.5038303 0.5148563 0.5231539 0.5314744 0.5426021 0.5498845 0.5582902 0.5695261 0.5779732 0.5864367 0.5977458 0.6052718 0.6137989 0.6251888 0.633746 0.6423153 0.6528706 0.6614779 0.6700955 0.681601 0.6902413 0.6980724 0.7096316 0.7183105 0.7269973 0.7385912 0.7472951 0.7552615 0.7668977 0.775632 0.7843724 0.7960352 0.8041008 0.8128672 0.8245635 0.8333415
0.2687638 0.2737901 0.2790161 0.2862761 0.2919264 0.2977415 0.3035342 0.3097418 0.3160838 0.3246244 0.3311706 0.3358393 0.3449348 0.3518707 0.3588983 0.3684019 0.3738582 0.3811889 0.3910716 0.3985599 0.4061096 0.4146951 0.4224039 0.4301628 0.4405814 0.4484473 0.4563551 0.4655803 0.4736011 0.4816565 0.4924479 0.5005777 0.507488 0.5184361 0.5266774 0.534943 0.546 0.5531889 0.5615452 0.5727172 0.5811179 0.5895362 0.600787 0.6082311 0.6167172 0.6280541 0.6365728 0.6451046 0.6555738 0.6641461 0.6727295 0.6841908 0.6927987 0.7005627 0.7120814 0.7207308 0.7293888 0.7409453 0.7488351 0.7575282 0.7691301 0.7778393 0.7865551 0.7981861 0.8061966 0.8149405 0.8266075 0.835364
0.2779496 0.2829081 0.2880625 0.295222 0.3007939 0.306529 0.3121875 0.3183112 0.324569 0.3330541 0.3395173 0.3440727 0.3530581 0.3599125 0.3668596 0.3762579 0.3816019 0.388856 0.3986389 0.4060542 0.4135323 0.4219881 0.4296289 0.4373214 0.4476539 0.4554569 0.4633034 0.4724119 0.4803748 0.4883738 0.4990922 0.5071686 0.5139903 0.5248714 0.5330638 0.5412818 0.5522771 0.5593854 0.567698 0.5788134 0.5871729 0.595551 0.605688 0.6141213 0.6225705 0.6338596 0.6423433 0.650841 0.6612329 0.6697731 0.6783252 0.6897456 0.6983237 0.7060269 0.7175082 0.7261302 0.7347612 0.7462828 0.7541167 0.762785 0.7743546 0.7830402 0.7917329 0.8033337 0.8112934 0.8200158 0.831655 0.840391
0.288125 0.2929113 0.2978926 0.3048213 0.3102209 0.3157848 0.3211682 0.3271238 0.3332161 0.3415392 0.3478965 0.3522414 0.3610235 0.3677295 0.3745317 0.3837421 0.3888907 0.3960114 0.4056218 0.4129116 0.4202678 0.4285067 0.4360332 0.4436147 0.4538039 0.461503 0.4692484 0.4781684 0.486037 0.4939443 0.5045443 0.5125349 0.5192167 0.5299906 0.538105 0.5462472 0.5571445 0.5641276 0.5723714 0.5833978 0.5916925 0.6000075 0.6100115 0.6183858 0.6267775 0.6379921 0.6464217 0.6548664 0.6651413 0.6736319 0.6821356 0.6934933 0.7020257 0.7096379 0.7210617 0.7296417 0.7382317 0.7497 0.757451 0.7660816 0.7776021 0.7862518 0.7949094 0.8064645 0.8143494 0.8230395 0.8346364 0.8433416
0.2958463 0.3005096 0.305367 0.3121298 0.3174051 0.3228452 0.3280305 0.3338637 0.3398353 0.348 0.3542669 0.3585094 0.3671417 0.3737379 0.3804326 0.3895035 0.3945085 0.4015296 0.411011 0.4182069 0.4254715 0.4335493 0.4409898 0.4484875 0.4585684 0.4661888 0.4738576 0.4826365 0.4904335 0.498271 0.5087809 0.5167059 0.5232829 0.5339747 0.5420296 0.5501136 0.5609359 0.5678248 0.5760157 0.5869736 0.5952185 0.6034849 0.6133881 0.621717 0.6300643 0.6412215 0.6496091 0.6580129 0.6681991 0.6766513 0.6851175 0.6964266 0.7049234 0.7124668 0.723846 0.7323934 0.7409514 0.7523782 0.7600664 0.7686677 0.78015 0.7887718 0.797402 0.8080922 0.8167496 0.8254145 0.8369785 0.8456595
0.303638 0.3081834 0.3129217 0.3195246 0.3246798 0.33 0.334994 0.3407081 0.3465617 0.3545716 0.3607243 0.3648671 0.3733765 0.3798645 0.3864531 0.3953859 0.4002499 0.4071719 0.4165249 0.4236272 0.4308004 0.4387186 0.4460728 0.4534865 0.4634587 0.471 0.4785917 0.4872299 0.4949545 0.5027216 0.5131403 0.520999 0.5274714 0.5380799 0.5460742 0.5540993 0.5648451 0.5716397 0.5797766 0.5906649 0.598859 0.6070758 0.6168776 0.62516 0.6334619 0.6445603 0.652905 0.6612669 0.6713635 0.6797764 0.6882042 0.6994634 0.7079237 0.7153978 0.7267311 0.7352449 0.7437701 0.7551543 0.7627792 0.7713501 0.782793 0.7913861 0.7999882 0.8106109 0.8192417 0.8278804 0.8394105 0.8480666
0.3138694 0.3185231 0.3231099 0.3295087 0.3345101 0.3396763 0.3444256 0.3499857 0.3556867 0.3634955 0.3694997 0.3734488 0.3818377 0.3882074 0.3946568 0.403408 0.4080882 0.4148795 0.4240625 0.4310406 0.4380924 0.4458004 0.4530397 0.4603412 0.4701681 0.4776034 0.4850917 0.4935433 0.5011706 0.5088428 0.5191387 0.526908 0.533241 0.5437371 0.5516494 0.5595945 0.5702368 0.5769055 0.5849692 0.5957626 0.6038874 0.6120368 0.6217025 0.6299214 0.6381614 0.6491795 0.6574656 0.6657702 0.6757463 0.6841053 0.6924803 0.7036711 0.7120814 0.7194623 0.7307325 0.7392002 0.7476804 0.7590059 0.7665455 0.7750748 0.7864636 0.795017 0.8035801 0.8141118 0.8227059 0.8313086 0.8427918 0.8514135
0.3215603 0.3262698 0.3308308 0.3370831 0.3419737 0.3470288 0.351602 0.3570504 0.3626403 0.3703026 0.3761981 0.3800066 0.3882538 0.3945656 0.4009351 0.4095522 0.4140978 0.4207921 0.4298488 0.4367345 0.4436958 0.4512483 0.4584016 0.4656189 0.4753367 0.4851567 0.492585 0.5009281 0.5084978 0.5161134 0.5263355 0.5340505 0.5402999 0.5507268 0.5585884 0.5664839 0.5770615 0.5836523 0.5916697 0.6024027 0.6104834 0.6185895 0.6281688 0.6363466 0.6445463 0.655512 0.6637598 0.6720268 0.6819245 0.6902478 0.6985878 0.7097331 0.71811 0.7254295 0.7366573 0.7450939 0.7535437 0.7648294 0.7723121 0.780813 0.7921647 0.8006909 0.8092274 0.8196974 0.8282663 0.836844 0.8482947 0.8568927
0.3308308 0.3354907 0.3401132 0.3463019 0.351141 0.3536693 0.3606245 0.3660123 0.37154 0.3791174 0.384948 0.3886708 0.3968287 0.4030732 0.4094203 0.4179486 0.4224039 0.4290314 0.438 0.4448202 0.4517168 0.4591568 0.4662467 0.4734015 0.4830373 0.4903325 0.4976836 0.5058893 0.5133858 0.5209299 0.5310593 0.5387068 0.5448532 0.5551946 0.5629938 0.5708284 0.581327 0.587824 0.5957852 0.6064454 0.6144729 0.6225271 0.632004 0.6401328 0.6482847 0.6591882 0.6673904 0.675613 0.6854196 0.6937009 0.702 0.7130919 0.7214298 0.7286789 0.7398574 0.7482579 0.7566723 0.7679121 0.7753302 0.7837985 0.7951075 0.8036025 0.8121083 0.822509 0.8310487 0.8395981 0.8510117 0.8595824
0.3412228 0.3457427 0.3504354 0.3565459 0.3612478 0.3636069 0.3703755 0.3756235 0.3810118 0.3884044 0.3940977 0.3976443 0.4056218 0.4117329 0.4179486 0.4263907 0.4306751 0.4371773 0.4459821 0.452682 0.4594606 0.4667001 0.4736771 0.4807213 0.4902132 0.4974033 0.5028917 0.5126753 0.520074 0.5275225 0.5375277 0.5450844 0.5510944 0.5613208 0.569036 0.5767885 0.5871806 0.5935529 0.6014383 0.612 0.6199557 0.6279395 0.6372794 0.6453418 0.6534287 0.6642477 0.6723883 0.6805505 0.6902348 0.698459 0.7067022 0.7177214 0.7260062 0.733161 0.7442721 0.7526234 0.7609895 0.7721664 0.7794979 0.7879213 0.799172 0.8076243 0.8160883 0.8263952 0.8348952 0.8434055 0.8547683 0.8633018
0.3490845 0.3535039 0.358095 0.3642993 0.3689024 0.3711401 0.3777737 0.3829204 0.3882074 0.3954656 0.4010586 0.4044774 0.4123227 0.418336 0.4244549 0.4327702 0.436992 0.4434016 0.4520852 0.458696 0.4653869 0.4724786 0.4793715 0.4863332 0.4957177 0.502829 0.5082057 0.517889 0.5252143 0.5325908 0.5425025 0.5499909 0.5558993 0.5660388 0.5736907 0.5813811 0.5916925 0.5979716 0.6057994 0.6162865 0.6241875 0.6321179 0.6413549 0.6493666 0.657404 0.6681587 0.6762521 0.6843683 0.6939604 0.702141 0.7103415 0.7213051 0.7295492 0.7366329 0.7476924 0.7560059 0.764335 0.7754637 0.7827298 0.7911189 0.8023248 0.8107441 0.8191758 0.8294118 0.8378813 0.8463616 0.8576853 0.86619
0.357 0.3613226 0.3658155 0.3720605 0.3766165 0.3787374 0.3852402 0.3902884 0.3954769 0.402604 0.4057437 0.411394 0.4191098 0.425027 0.431051 0.4392414 0.443361 0.4497199 0.4582838 0.4648064 0.4714106 0.4783565 0.485166 0.4920458 0.5013232 0.5083562 0.5136224 0.5232055 0.5304574 0.537762 0.5475801 0.555 0.5608075 0.5708598 0.5784479 0.5860759 0.5963061 0.6024923 0.6102623 0.6206738 0.6285197 0.6363961 0.64553 0.6534906 0.6614779 0.6721674 0.6802132 0.6869673 0.6977822 0.7059186 0.7140756 0.7249827 0.7331855 0.740198 0.751205 0.7594801 0.7677714 0.7788511 0.7860515 0.7944054 0.8055656 0.8139515 0.8223503 0.8325148 0.8409531 0.8494027 0.8606863 0.8691616
0.3676316 0.3718306 0.3761981 0.3822735 0.3869884 0.3889602 0.3952948 0.4002162 0.4052777 0.4122353 0.4152156 0.4207386 0.4282861 0.4340783 0.4399784 0.4480056 0.4519657 0.4582249 0.4666905 0.4730973 0.4795873 0.4863425 0.4930416 0.499813 0.5089489 0.5158779 0.520999 0.5304489 0.537603 0.5448119 0.5545052 0.560109 0.5675077 0.5774435 0.5849462 0.5924906 0.6026118 0.6086748 0.6163668 0.626677 0.6344486 0.6422523 0.6512488 0.6591403 0.66706 0.6776614 0.6856428 0.6922919 0.7030249 0.7111013 0.7191995 0.7300301 0.7381768 0.7450939 0.7560298 0.7642526 0.7724927 0.7835056 0.7906181 0.7989243 0.8100222 0.8183624 0.8267164 0.836785 0.8451805 0.8535883 0.8648173 0.8732525
0.3770106 0.3811771 0.3855088 0.3915316 0.3962272 0.398221 0.4044997 0.4093764 0.4143911 0.4212838 0.4242004 0.4296708 0.4371464 0.4428837 0.4487282 0.4566804 0.460566 0.4667676 0.4751758 0.4815444 0.4879774 0.4946362 0.5012783 0.5079931 0.5170541 0.5239275 0.5289707 0.5383475 0.5454475 0.5526029 0.5622259 0.5677535 0.5751009 0.5849692 0.5924222 0.5999175 0.6099746 0.6159651 0.6236104 0.6338596 0.6415863 0.6493458 0.6582591 0.6661081 0.6739859 0.6845326 0.6924738 0.6990579 0.7097394 0.7177778 0.7258388 0.7366207 0.7447315 0.7515883 0.7624782 0.7706673 0.7788742 0.7898437 0.7968996 0.8051745 0.8162316 0.8245417 0.8328661 0.8428719 0.8512391 0.8596191 0.8708117 0.8792201
