MyMainGIS/bin/Debug/Data/DLS_Input/middleRisk_basic/sc1gr8.grid
ncols         442
nrows         735
xllcorner     -502080.37185814
yllcorner     2671876.5851211
cellsize      100
NODATA_value  -9999
[rows 462 to 494 of 735, columns 292 to 364 of 442]
141.7662 132.9174 152.0205 141.8428 119.7449 102.5288 85.6013 0 104.7436 188.9726 249.2278 222.6627 208.2288 219.144 208.1132 131.3861 145.7131 201.7211 180.4511 156.9745 147.2648 99.46232 0 292.3801 334.6538 352.5686 0 239.0362 183.0128 92.29061 356.1859 305.1807 303.4078 297.7342 315 326.3099 0.8550974 18.43495 60.42216 330.3763 304.3151 287.354 344.7449 50.71059 199.44 208.8108 199.359 158.9625 138.1798 220.2364 284.9314 0 0 50.19443 342.2553 350.5377 340.641 22.38013 45 261.8699 216.8699 163.3008 142.125 274.3987 288.4349 30.96376 298.6105 266.5318 262.4762 225 234.4623 234.4623 220.3999
159.5901 163.393 193.5704 153.435 158.9625 251.565 49.08562 298.0725 32.79953 25.55997 345.9637 300.9637 180 202.1664 195.5241 167.4712 125.5377 75.96375 303.1113 123.6901 126.8699 258.6901 318.3665 317.4896 356.6335 127.5686 177.8789 194.0362 246.8014 321.3402 337.1664 303.5507 304.6952 268.4518 230.4403 225 219.5597 62.10273 69.27444 279.1624 276.3402 287.1027 276.3402 77.79953 101.3099 225 192.9946 188.9726 306.8699 305.1342 281.3099 135 261.8699 306.0274 155.556 178.3634 197.354 159.7751 68.19859 333.4349 0 353.6598 12.52881 303.3106 327.5288 348.6901 340.0169 316.9091 274.3987 185.5275 259.1597 247.4794 219.9994
147.0948 192.9946 185.7106 165.9638 206.565 198.435 104.0362 243.9704 90 330.9454 34.69515 26.56505 8.972627 0 310.2364 168.6901 168.6901 251.565 279.4623 104.0362 63.43495 298.3008 288.4349 287.1027 107.1027 114.8637 261.8699 217.875 259.8245 290.556 340.2532 315 234.9262 206.565 206.0754 231.3402 225 135 57.90741 349.3803 272.9108 236.9761 173.991 129.1737 117.8973 234.4623 206.565 225 235.008 225 213.6901 356.6335 323.1301 258.6901 112.751 173.6598 177.8789 208.7398 225 243.435 206.565 273.8141 75.96375 309.8978 329.7968 350.2724 347.3807 344.1676 352.9987 338.7495 305.789 288.4349 308.991
135 225 161.565 -1 243.435 -1 189.4623 165.9638 208.1786 201.2505 52.59464 311.8202 357.3974 21.25051 38.65981 146.3099 239.0362 285.2551 270 71.56505 0 330.5241 300.0686 270 83.65981 55.30485 33.69007 270 284.0363 275.371 304.992 30.96376 293.7495 300.9637 289.2307 302.3196 301.7595 220.6013 23.96249 18.99665 331.5044 225 169.6952 162.7585 153.435 299.7449 341.5651 344.7449 204.444 222.9546 251.565 286.3895 78.69007 164.0546 135 71.56505 102.9946 251.565 225 182.4895 196.3895 217.4053 235.6197 281.7683 322.125 349.992 341.5651 345.2564 4.398705 342.2553 330.3763 354.2894 343.3008
-1 -1 -1 270 270 78.69007 270 90 66.80141 265.156 344.7449 239.7436 188.1301 77.73523 66.80141 334.6538 318.0128 348.6901 318.3665 3.366461 325.7131 14.03624 344.0546 307.1467 19.88516 26.56505 353.991 325.1247 291.0375 223.7546 196.3895 207.5528 247.9887 289.179 294.5672 318.4336 7.853313 345.9637 333.4349 67.47943 93.01279 212.4712 54.46232 348.6901 296.5651 315 350.3112 32.19573 21.80141 219.8056 204.0755 186.5819 163.0725 153.435 216.8699 174.8056 206.565 270 225 272.7263 324.0903 350.5377 326.7683 264.2257 246.3706 295.821 327.6804 354.9869 20.43283 341.5651 288.4349 51.70984 259.992
-1 -1 -1 -1 239.0362 90 -1 180 354.8056 288.4349 228.1798 115.0169 278.1301 21.80141 39.80557 291.8014 297.646 347.0054 318.5763 351.8699 336.2974 11.92932 351.2538 334.5731 29.0546 65.77225 353.6598 329.0363 225 172.304 217.875 233.1301 245.4099 250.2777 255.7841 255.0184 59.03624 23.74949 38.65981 98.97263 101.3099 305.5377 259.992 18.43495 309.0939 304.6952 0 90 122.4712 71.56505 270 212.9052 143.7462 150.9454 266.4237 180 189.4623 180 225 271.4688 295.4633 319.5739 315 303.6901 272.7263 288.9465 319.9697 351.8699 30.96376 26.56505 304.6952 64.29005 288.4349
-1 -1 -1 -1 261.8699 315 0 346.6075 339.2278 32.00538 256.6075 352.5686 303.959 349.1145 35.34011 3.814075 299.0546 331.1134 314.1186 7.883139 323.2463 356.5761 358.2376 14.67639 36.02737 72.03086 281.3099 350.5377 16.55707 33.31063 247.3801 252.0506 266.6335 270.971 258.6901 237.4074 215.5377 293.1986 115.56 39.80557 59.03624 277.125 327.0948 332.1027 330.3763 326.6336 65.55605 84.40066 26.56505 0 36.25384 284.0363 101.3099 333.4349 249.444 180 276.3402 317.386 333.9704 319.2364 276.1155 319.7636 316.0416 338.3852 318.0665 311.3322 322.275 3.814075 78.23171 47.8624 293.1986 79.99202 302.4712
-1 -1 -1 278.1301 329.0363 248.1986 319.3987 63.43495 180 66.80141 285.6422 305.1342 324.4623 336.8014 27.40758 17.04903 308.4181 308.1183 336.5226 356.3478 319.1596 353.6598 82.40536 72.55281 59.62087 74.85902 8.130102 296.5651 352.9987 27.97948 38.36749 281.3099 259.4184 272.4896 275.1944 245.8545 192.2648 169.0459 209.9315 0 104.6764 235.7843 271.3972 229.3987 178.8309 176.1859 188.427 300.9637 12.99462 345.2564 53.53077 109.9831 154.44 174.8056 178.5312 229.3987 267.8789 270 290.7722 351.0274 288.4349 265.9144 284.0363 315 306.7241 299.7449 320.5275 30.20324 74.74488 101.3099 119.7449 71.56505 347.1957
-1 -1 -1 246.8014 180 245.556 229.3987 116.565 147.5288 296.5651 21.50143 271.7715 218.991 183.9909 235.008 4.398705 335.7722 307.9987 303.1976 23.19859 338.6294 16.55707 46.54816 63.43495 75.96375 70.14478 29.0546 274.844 284.0363 20.37643 32.15229 351.2538 276.009 259.8753 270.971 324.4623 45 175.6013 238.5704 155.3231 116.565 236.3099 238.134 177.8789 123.6901 219.8056 265.2364 273.8141 120.9638 189.7824 139.3987 135 111.0375 180 251.565 287.6501 289.44 250.0169 243.435 201.0375 250.8664 238.7363 261.5014 299.0546 309.5077 295.2011 290.0561 72.14968 93.62148 143.8807 291.8014 281.3099 331.5044
-1 -1 -1 -1 315 251.565 220.9144 135 326.3099 324.0193 351.0274 233.1301 183.8141 199.0577 254.7449 316.5074 349.0193 329.0363 282.4074 117.4744 322.125 351.2538 83.65981 98.74616 70.01689 67.0679 34.87533 285.4612 259.5085 237.0948 59.53445 31.6075 285.6422 277.8153 264.0939 237.9946 149.0362 11.30993 329.0363 142.9435 121.4641 220.486 222.1376 172.4053 225 328.3925 299.0546 170.5377 132.2073 231.009 113.9625 50.19443 71.56505 243.435 303.6901 298.6105 261.8699 244.6538 252.5528 225 268.8309 287.8787 285.4786 298.1132 309.6107 311.9335 296.0296 78.27489 59.43597 19.29005 345.9637 327.7244 305.9605
-1 -1 308.6598 330.9454 27.89727 45 321.6667 33.11134 321.1466 329.0363 46.78991 63.92464 271.3322 299.0546 288.4349 278.1301 322.9072 318.6522 11.30993 345.0686 143.7462 131.0091 90.85509 135 129.2894 52.12502 13.57043 301.7595 355.6013 307.4054 36.8699 28.61046 276.0724 245.1363 238.7363 245.2249 305.5377 246.8014 90 90.97102 90 253.1786 265.0303 279.4623 270 208.3008 151.3895 122.6609 320.7106 312.7974 9.162347 37.87498 37.87498 327.0948 267.2737 220.9144 230.7106 235.008 245.8545 287.5256 293.1986 292.1664 277.2532 282.1443 294.2278 316.7357 225 119.0546 76.07904 55.84031 56.30993 263.4802 281.3099
-1 315 285.5241 203.9625 127.6942 108.435 306.2538 260.5377 312.8789 311.4237 22.24902 26.24135 330.1729 311.5834 309.8056 305.5377 287.5256 306.573 63.43495 136.6847 144.3236 183.8141 108.9465 22.0679 20.55605 15.9454 351.4692 348.6901 353.6598 318.6914 17.59242 15.9454 322.125 300.9637 297.3499 304.992 33.69007 180 129.8056 65.9245 88.09085 217.875 239.9314 256.6075 270 205.0169 315 7.305759 338.4287 324.7276 16.55707 97.69605 128.1572 189.4623 216.8699 213.6901 237.0948 293.1986 288.4349 300.3236 261.6743 274.7079 267.4552 262.5042 278.2858 315 115.0169 114.444 45 63.12186 83.23383 231.4831 215.665
315 296.5651 280.008 164.0546 86.98721 329.0363 214.1597 270 186.0725 195.3763 222.3974 350.5377 343.6732 330.1729 333.4349 313.6361 313.5312 315 136.2189 143.2594 132.3575 203.587 304.3803 1.169139 42.8789 324.1624 325.9541 15.75117 27.18111 288.4349 328.5704 0.7848246 349.6952 321.3402 290.8978 286.3895 71.56505 90 128.6598 83.65981 85.36454 288.4349 243.435 255.2564 305.5377 341.5651 294.2744 350.3112 341.5651 305.5377 120.9638 113.9625 102.7244 195.2551 248.1986 285.9454 284.9314 314.029 311.3478 298.4127 322.3524 268.9949 257.1063 235.8403 246.4677 209.0546 12.52881 326.3099 83.04704 92.7927 103.9125 176.8202 186.1322
270 234.4623 212.4712 311.4237 342.8973 270 299.7449 196.3895 151.2602 158.4986 217.9716 219.9994 228.5763 254.4275 295.3462 320.1944 281.3099 111.0375 102.4649 121.4296 156.8014 291.9745 278.427 158.6294 125.1342 225 254.2914 81.02737 37.64762 357.614 311.0548 332.1027 0 347.4712 313.1524 342.646 22.38013 60.52411 51.34019 358.6028 37.23483 4.820766 306.3475 264.4007 268.3634 319.0856 233.5308 154.9831 176.6335 155.6954 143.6156 316.7899 25.46334 17.59242 315 335.1363 352.1169 309.2894 335.2249 300.5792 265.4261 273.5763 246.5014 278.1301 275.8264 300.9637 105.9454 128.1909 136.1935 86.7603 82.66562 66.12472 71.56505
225 180 278.1301 316.5482 14.03624 21.25051 243.435 11.30993 90 331.3895 310.7636 256.8275 219.5226 233.4986 240.0378 315 45 141.1155 101.9761 106.8214 204.444 253.0092 189.2461 160.6768 176.4965 191.8887 239.0362 213.1113 337.6199 8.746162 273.8141 306.8699 312.3974 340.1148 332.1027 339.9048 12.26477 70.11484 341.5651 318.3665 25.90651 34.50852 354.2894 244.0935 248.8059 210.9638 143.1301 123.6901 68.96249 102.5288 347.4712 301.373 41.98721 10.30485 306.8699 293.1986 340.56 278.8068 338.4986 317.7263 262.304 252.5528 243.435 257.6609 236.8887 185.371 164.6044 154.6779 172.7468 162.646 155.6375 133.3153 126.2538
-1 225 259.992 269.3415 55.53918 73.88658 334.2307 25.09625 17.81889 294.444 327.0948 331.9275 302.9052 275.1944 268.5679 212.4712 113.1986 113.8753 104.6209 99.68879 248.6294 226.3639 149.0362 150.9454 272.4896 289.9831 276.3402 294.6768 330.9454 60.9454 254.3578 298.7398 311.6335 328.2405 336.4477 329.6209 83.45371 94.96974 268.0251 289.29 37.40536 8.972627 45 228.1798 221.1859 215.1342 289.9831 77.00539 137.1211 237.5288 298.3008 23.19859 344.4759 329.6209 265.9144 266.4237 284.0363 278.8806 337.6199 327.8043 300.9637 243.435 204.444 199.0751 199.4959 155.7722 168.7894 165.4397 178.4684 175.4095 192.5288 174.5597 157.1664
-1 315 295.3462 276.8428 300.2564 35.13419 282.0948 321.7098 33.9298 14.74356 287.7447 305.8112 333.4349 325.6197 305.7274 63.43495 115.71 114.7751 65.80679 81.46923 160.4633 206.9958 226.8476 310.4261 326.8215 319.8645 304.992 315 104.0362 120.9638 241.3895 250.7693 255.9638 243.435 270 288.4349 76.75948 80.36246 271.9749 273.0128 251.565 116.565 59.23728 42.4552 333.4349 252.2161 218.2902 119.3577 354.2894 311.8202 295.821 298.6105 312.5104 34.99202 304.2157 282.5288 282.8043 292.4569 0 343.3008 75.96375 212.9052 123.2317 149.311 172.2664 165.6773 237.9946 292.3801 318.9909 347.4211 357.4208 352.0425 4.028264
-1 288.4349 167.0054 269.5265 261.1932 354.1736 25.70995 337.249 26.09542 18.43495 319.3987 301.5348 308.019 310.2364 272.2906 100.4915 57.33909 26.56505 67.7824 92.96094 86.18593 274.0856 268.9584 278.1301 302.5926 328.3245 302.3196 345.9637 107.5256 124.6952 285.4612 282.0948 254.3578 261.8699 270 153.435 87.43623 81.32683 290.556 248.4986 169.7778 170.5377 59.03624 43.95837 25.34618 262.5686 193.1725 149.0362 315 317.7263 278.1301 301.7595 334.44 71.56505 297.8973 278.7462 278.1301 273.4682 330.9454 324.8658 36.8699 48.57634 128.1076 126.8699 170.9097 251.565 331.6992 333.8337 327.9671 350.3237 3.613881 2.978021 10.49148
270 156.8014 315 263.1252 249.444 254.5388 263.6598 32.09259 36.52885 9.039483 335.8209 310.2364 246.0375 204.444 259.6952 162.8973 113.6294 145.8855 109.7989 80.53768 351.1582 329.5742 324.6599 297.7185 288.4349 304.2157 290.556 160.4633 126.3844 99.16235 282.9946 306.2538 294.444 292.1664 235.3048 233.1301 103.2986 68.4287 300.3791 33.69007 71.56505 266.1859 258.6901 50.71059 36.15818 94.57392 159.7751 186.0725 215.6901 221.1859 255.2564 237.9946 176.1859 18.43495 311.8202 312.3974 271.2189 263.6598 246.8014 273.5763 60.25512 125.9097 127.681 125.5377 333.0343 313.8427 317.7927 333.2489 331.3735 11.84208 16.02029 22.03623 29.82709
270 123.6901 71.56505 275.7626 247.9321 233.4711 245.6744 246.8014 78.17851 344.0546 341.5651 168.6901 250.821 258.2317 234.4623 133.5679 142.8153 146.3099 159.7024 235.3048 337.9321 300.9637 182.1211 234.9262 258.6901 149.9314 138.4682 192.3808 329.0363 338.8387 318.9005 317.7927 335.2249 286.6992 319.0856 330.9454 47.04541 50.85601 243.435 227.7263 56.30993 25.90651 273.3665 322.3524 38.82983 70.95877 70.27773 281.3099 222.3974 223.3397 212.4712 259.1597 264.2894 233.7462 278.1301 325.008 300.9637 264.9869 291.0375 222.5105 145.3818 132.1844 116.565 313.7811 327.6391 325.1165 326.9761 317.6425 313.6678 93.81407 100.1755 60.25512 38.08877
321.3402 101.3099 271.5074 277.5946 287.4472 274.8991 276.4698 158.1986 98.84181 347.4712 63.43495 302.4712 25.55997 203.4986 154.0577 142.2369 132.0643 177.5105 205.2011 222.3974 175.3645 162.6995 195.4612 245.8068 237.2005 130.9144 139.3987 251.565 277.2532 259.5085 258.6901 265.6013 251.565 294.7751 302.4712 33.69007 57.09476 84.36932 155.2249 220.1009 274.6355 338.3852 338.0513 347.0054 63.43495 65.90798 62.78389 108.435 270 255.4655 263.4537 245.556 233.1301 312.1376 263.047 249.444 276.3402 278.8806 146.0035 136.0809 141.3402 322.125 308.2902 309.679 311.6553 313.1817 264.8056 232.125 123.1113 109.179 10.49148 17.65012 27.34988
150.9454 66.80141 249.2278 260.3401 260.5377 270 213.6901 165.9638 198.435 315 21.03751 311.8202 101.3099 113.9625 127.875 152.5256 143.8807 315 230.1944 203.9625 170.5377 156.8014 206.9958 232.6507 219.5077 213.1113 0 167.7352 235.008 197.1027 243.435 249.7751 321.3402 230.7106 270 320.7106 104.0362 98.80679 70.01689 279.2461 270 247.249 189.4623 258.6901 60.25512 62.74467 54.22989 356.9872 315 275.8264 259.439 261.1582 278.9726 268.3634 300.9637 249.2278 254.9816 192.5288 131.9872 141.6799 208.4956 302.5604 299.4759 286.2324 261.573 225 217.875 271.5482 143.7462 12.52881 353.6598 14.34933 19.13364
65.13631 33.11134 292.3801 266.6335 250.3462 225 254.0546 333.4349 158.9625 156.5519 169.6513 267.8789 142.6668 138.4336 91.68468 105.2551 118.3008 259.992 270 110.2249 222.2737 26.56505 23.19859 229.2364 205.5139 217.5041 214.6952 132.2737 244.6538 220.8151 261.8699 232.125 218.8845 243.435 195.0184 211.866 128.991 101.8887 83.15723 242.8189 242.8189 315 337.6199 188.1301 164.7449 104.0362 66.31791 42.03906 339.7751 298.0725 297.8015 286.2602 278.9726 276.3402 272.7263 286.3895 270 130.2364 120.9638 110.9245 269.3097 264.9869 257.6609 239.2068 238.8407 227.2906 222.9546 225 168.6901 254.2488 188.5308 338.4986 10.7843
26.56505 9.727578 2.489553 271.4943 278.9726 261.8699 277.8533 303.6901 94.14462 53.97263 286.6992 234.6888 123.6901 155.7722 119.0546 39.80557 27.34988 334.44 319.0856 9.865807 313.3153 352.304 2.56377 358.0251 343.3008 275.8264 239.9951 168.6901 270 257.0054 248.1986 18.43495 265.6013 186.8428 210.0686 247.249 63.43495 76.42957 86.82017 220.4261 235.1755 253.393 68.19859 65.55605 101.3099 131.1859 93.36646 75.25644 4.763642 307.5042 287.7447 245.556 266.1859 286.9275 296.5651 313.1524 24.44395 108.435 132.9786 153.435 293.6294 306.0274 287.7649 262.2348 247.5573 251.0033 265.4261 286.9275 311.1859 344.7449 290.8978 323.427 350.6764
329.3493 354.4278 8.841815 309.4725 205.0169 235.1247 259.0459 202.751 98.84181 16.47688 264.8056 175.8554 125.9605 185.7106 171.6071 105.2551 3.814075 38.99099 290.2249 330.7086 4.398705 227.6026 299.2914 335.0561 354.8896 350.4555 341.1616 358.4518 355.6013 228.8141 236.5138 214.5085 278.1301 40.6013 265.6013 235.6197 116.565 82.87498 90 266.1859 264.8056 253.2174 225 45 38.65981 31.42957 74.0546 90 328.3245 318.3665 90 257.0054 276.7098 245.556 241.6992 225 139.6355 121.7873 127.3332 255.9638 294.0627 312.8789 329.7151 327.2005 269.2748 256.3287 249.9048 215.5377 208.7398 270 282.3808 300.9637 313.6028
241.6992 157.6199 152.6501 187.2243 259.2869 285.6422 244.179 266.6335 307.4054 50.52754 36.8699 71.56505 115.56 161.565 189.4623 214.5085 201.0375 178.1524 180.8814 176.1121 151.0908 240.4612 247.9887 214.7778 241.0736 336.2974 9.36019 67.44276 68.4287 336.8014 241.6992 225 252.2553 136.8476 177.5105 229.5739 151.5044 112.0679 119.0546 251.565 270 287.2415 318.3665 317.386 36.38435 38.65981 49.96974 357.5805 32.00538 0 303.0239 315 282.0948 278.1301 254.7449 152.8189 121.9544 108.7681 262.875 279.0193 283.0693 292.4965 345.0686 13.17255 261.0274 247.6938 208.6105 178.6678 232.3524 231.8428 248.1986 260.0738 286.5044
182.3533 153.435 165.2564 267.1376 278.9149 315 341.5651 288.4349 327.5288 90 52.12502 58.627 27.14968 38.51693 344.0546 157.6199 188.5308 186.953 154.0935 170.5377 177.5105 229.3987 220.7946 185.0921 216.3196 226.3322 181.9749 70.42687 34.69515 10.17551 282.0948 269.0608 237.3391 130.9144 180 239.0362 166.4296 115.821 78.69007 261.8699 251.565 251.0296 275.7106 296.5651 100.4915 79.69515 55.88553 315 50.5722 5.710593 301.4296 257.0054 240.9454 176.9872 192.8043 149.6973 130.0303 126.7029 291.9745 289.0108 281.6115 283.5704 258.6901 109.2307 159.9048 231.9811 240.9454 247.8336 287.354 270.7639 286.3895 282.7712 262.1847
156.8014 103.3925 139.3987 239.8586 259.8545 254.7449 325.3048 325.7843 332.5256 21.64444 18.99665 347.6192 25.34618 35.9915 21.54098 87.70939 180 180 135 205.0169 129.2894 216.8699 206.2587 184.2892 221.7845 228.5215 220.5328 91.00509 42.27369 5.194429 9.462322 265.2364 186.8428 192.2648 201.8014 247.3801 90 159.444 35.53768 258.6901 239.0362 239.0362 249.9048 192.9946 152.354 132.2737 140.4403 205.1448 60.25512 45 278.1301 180 201.0375 181.6366 162.0506 145.0975 131.6335 116.565 283.9125 301.7335 285.69 280.4077 160.0169 101.3099 66.03751 264.2894 254.7449 257.1957 272.6026 281.6115 282.2648 304.8245 289.29
126.4692 180 158.6294 195.6422 252.8719 262.3493 272.2026 300.9637 336.8014 48.27049 25.97439 10.95406 12.33909 30.96376 38.99099 48.46823 23.96249 41.63354 351.8699 8.746162 45 225 180 166.4296 222.5634 237.0649 232.1935 221.2686 308.991 329.7436 8.130102 17.30053 359.029 28.00918 357.5104 279.6888 116.565 32.00538 329.0363 315 315 251.1468 259.6952 172.875 125.9097 112.9321 124.3803 243.435 180 126.8699 212.4712 293.5523 38.15723 113.1986 158.4121 170.9724 152.5924 228.9909 277.1885 290.5133 233.7462 191.7683 165.9638 186.6325 161.565 290.8545 284.0363 263.047 274.1849 290.8209 266.9872 289.5367 325.5392
135 45 83.65981 99.16235 255.8946 255.5476 270.8551 269.4744 123.1113 147.0948 196.6992 286.3895 348.2317 10.58164 39.17366 33.28753 20.07153 16.92751 354.9364 27.80146 45 66.80141 135 93.81407 243.435 230.7743 230.9206 225 238.6005 261.573 346.373 21.57131 356.9059 17.15242 14.38139 358.8309 82.87498 301.7595 0 0 281.3099 270 247.751 176.6335 121.866 119.0546 45 146.3099 202.0113 232.125 232.125 216.5289 149.2068 125.4596 128.1572 309.2894 347.9052 298.8108 251.8698 224.0531 200.3441 205.6652 197.7447 252.646 299.2914 316.0051 332.2815 316.2454 292.3062 254.4759 262.5191 270.8814 300.9637
180 296.5651 18.43495 69.77514 258.2471 242.5535 246.1941 225 163.1237 157.8336 298.4429 38.29016 297.0309 350.2176 35.36246 29.63838 20.37643 10.26514 14.39359 46.76239 51.34019 90 101.3099 63.43495 354.8056 230.9061 242.5009 225.6987 226.4144 220.7108 234.8658 98.1301 348.6901 102.0948 87.51044 32.47119 49.08562 257.4712 102.9946 270 264.2894 291.0375 266.4237 130.6013 139.9697 153.435 152.6501 174.2894 317.2026 203.1986 181.4688 160.5139 142.5121 128.4537 325.7843 322.8002 341.5651 1.374835 298.6862 226.8934 212.3914 218.2902 227.2026 275.5275 297.7585 306.0274 333.4349 324.4623 272.2026 278.1301 274.0856 254.2488 215.2724
282.5288 339.444 338.7495 30.46555 276.9272 254.9315 215.5377 175.2364 192.875 222.337 215.3401 254.4759 236.3099 201.0375 341.5651 33.02387 7.480886 2.29061 52.71189 45.86805 37.40536 69.10223 293.1986 348.6901 108.435 164.7449 214.3302 213.2317 206.8619 232.3058 219.144 227.6425 148.707 143.3257 187.696 205.56 87.51044 157.6199 270 7.125016 322.5946 276.7098 162.5528 140.7106 141.7098 138.2705 158.7495 279.2461 157.3062 151.1276 184.5739 147.6193 161.565 303.4078 310.7636 320.9315 327.7712 7.06673 35.34011 326.7251 266.0818 249.6769 237.7243 252.165 245.0715 210.9638 209.2488 263.1572 296.1469 300.5297 260.0958 255.9638 254.7449
237.5288 264.0939 275.1944 98.1301 243.7258 247.3287 192.3391 170.3112 230.5275 230.7106 251.565 251.565 196.6992 205.2011 225 55.7843 5.906141 9.462322 58.86969 43.5312 52.66681 50.50548 25.82099 183.0128 353.1572 26.56505 26.56505 238.3925 215.9807 219.6678 217.1709 197.7648 172.304 180 227.2026 199.5367 96.34019 93.81407 262.5686 312.8789 351.8699 120.5792 148.3245 158.9625 151.9275 152.7713 197.354 210.9638 135.6161 145.823 203.587 137.4895 291.8014 302.8451 294.0755 303.518 316.3639 356.8779 19.98311 10.22217 333.4349 282.5288 258.3106 247.1664 223.1221 194.2159 218.7966 236.9442 259.7559 191.3099 235.7131 251.1616 249.444
