MyMainGIS/bin/Debug/Data/DLS_Input/middleRisk_basic/sc1gr8.grid
ncols         442
nrows         735
xllcorner     -502080.37185814
yllcorner     2671876.5851211
cellsize      100
NODATA_value  -9999
[rows 561 to 593 of 735, columns 146 to 218 of 442]
350.3625 82.87498 102.5288 80.83765 107.2415 260.6764 288.4349 306.0851 323.7462 5.355825 17.8787 344.5779 337.2218 342.5176 330.8141 0.6820604 18.16596 0 8.972627 16.58734 2.29061 5.365631 17.61649 359.5558 28.09484 19.17901 2.981461 359.3179 345.6507 2.161079 4.590543 17.68439 350.8033 345.9637 8.471145 251.565 177.3974 192.2005 206.8619 207.7585 196.336 185.8263 163.0481 209.162 202.1027 163.2442 144.5931 202.7241 219.1605 194.0362 225 195.2551 123.1976 77.93223 33.8112 91.08092 182.1747 187.125 154.5367 235.7843 284.0363 283.5704 289.9538 303.0793 325.4077 26.56505 45 45 351.8699 3.012788 96.14663 104.4208 101.6115
155.4496 145.204 136.6847 138.0665 133.0909 293.1177 285.3556 282.2953 316.7899 341.0753 349.3302 340.5885 336.6075 0.9330735 353.837 13.36022 16.4293 351.7406 351.076 16.09764 353.2041 349.3961 31.66489 26.43087 8.935614 3.724058 3.17983 10.25682 4.807954 5.307327 358.5797 16.34288 354.8056 350.2176 8.530766 1.660282 0 13.3925 4.969741 353.991 351.2538 168.6901 251.565 216.2538 191.1363 188.9306 174.144 187.6242 215.1017 185.9415 180.2438 177.1245 165.8329 166.185 144.335 119.3205 282.5288 333.4349 318.3665 306.573 315 311.0424 306.2825 328.0552 335.2249 11.30993 40.55262 28.61046 2.792702 56.76829 71.09542 47.24574 67.44276
185.5722 195.6422 93.17983 43.45184 309.0939 304.4052 301.2091 273.2705 291.541 312.3493 327.315 313.3153 323.2672 347.2547 16.90232 14.11506 16.20902 1.867679 357.1376 11.63363 349.6952 8.746162 30.35262 24.44395 14.03624 2.654196 358.3397 1.363927 10.93382 16.92751 16.80502 1.921956 351.0524 348.1579 3.035569 4.58353 358.7811 8.914927 15.16446 10.0806 6.170175 0.6585432 14.03624 59.93142 315 225 188.1301 228.1798 211.9081 176.3478 184.1276 179.6485 177.3974 181.1458 171.3844 112.3801 280.6197 318.0941 344.0546 313.2643 317.9931 312.4142 303.6901 326.4587 340.0169 12.14428 44.25594 41.63354 26.99584 61.33604 53.53077 63.43495 71.56505
209.1808 215.8195 212.4712 330.6795 319.4327 312.1376 326.4158 319.6987 285.0831 321.2907 317.406 318.2052 317.3662 337.6199 26.56505 14.12792 18.69898 359.5993 6.596738 20.5081 355.5251 1.709814 18.43495 25.93081 28.71508 14.50017 347.7995 0.4006633 30.06858 9.743641 5.389312 350.4171 349.4552 349.43 358.575 15.17292 5.826342 8.719747 19.65382 17.59242 10.9228 16.69924 47.3533 46.78991 338.9625 358.7546 15.52411 274.7636 313.0251 349.3803 0.6585432 349.2157 343.6105 349.2869 328.4957 343.3008 320.0796 312.7543 329.9729 315 319.1538 328.1632 310.8777 324.7276 349.095 22.98872 46.59114 52.39959 40.48601 61.88679 66.03751 78.99646 63.10376
291.9296 255.6507 275.9925 280.231 310.3759 309.1933 352.0199 327.2361 273.7755 272.7927 291.0375 329.9026 334.8552 344.5388 16.48875 20.97975 5.906141 0.971022 12.75003 10.08817 358.243 5.667285 35.23822 16.69924 28.67315 2.862405 352.1309 16.79837 29.74488 351.2026 336.098 351.1075 350.2933 351.1736 354.9364 17.77132 27.83183 29.95361 32.39139 15.80251 6.842773 49.27584 62.46393 22.30621 337.7824 357.1579 11.88866 355.9144 340.6593 343.0092 358.7982 350.7199 0.7252243 17.80187 352.6656 343.1562 333.0198 320.7106 318.4336 332.2318 330.1457 335.4002 325.066 337.6199 46.21888 112.9638 112.0679 57.52881 83.29016 105.7808 110.8209 90 74.0546
347.1148 344.8459 288.4349 269.1363 271.3803 277.0165 307.1847 338.6294 270.7742 256.9149 266.9124 287.387 308.746 348.9436 24.90477 0.9391909 355.7206 14.44404 3.503532 21.47679 15.86571 33.07068 31.63978 13.75307 25.44801 352.2553 2.489553 26.38431 4.727988 346.5043 353.5652 337.5796 346.5782 356.3618 19.21267 45.74406 70.66519 60.64225 11.00354 25.99402 69.6559 91.87174 18.869 333.4349 343.3008 354.5962 356.748 357.3575 351.6743 354.2894 15.37625 337.2035 17.6223 0 347.6805 346.5169 331.0074 308.2902 294.2151 316.3169 312.7395 318.9647 288.7999 126.7406 106.5044 110.556 105.9454 107.049 88.99491 72.512 71.02959 90 103.6713
3.925908 2.462817 318.2892 285.5844 266.748 268.078 280.7131 340.71 278.3439 264.6927 260.6497 266.0091 285.8324 345.5792 21.50143 2.385944 352.0928 16.58734 16.04901 19.17901 20.91255 16.53484 12.99462 10.87145 20.22486 356.6335 1.138177 24.16663 359.3338 341.7274 344.4072 350.3948 347.5741 12.93261 41.95522 65.55605 54.03948 357.5998 9.706653 52.59464 90.72523 101.3099 318.8141 323.0357 335.9427 349.3302 349.4519 359.5818 5.110417 24.64677 348.9174 342.3156 359.2258 351.545 347.0054 352.4054 334.406 307.0425 285.1991 280.5392 294.3411 296.2587 171.8699 144.353 119.4385 132.337 140.4774 129.5226 105.2551 84.36932 85.85538 79.82449 105.1011
319.5739 5.194429 351.9368 333.4349 308.264 310.8554 315.2358 354.8056 8.508703 284.7436 274.8596 277.3058 277.5432 291.5713 353.6598 357.0643 8.595911 19.94902 4.398705 359.076 12.52881 11.17384 356.7603 21.37062 22.41615 355.4752 9.019322 18.17213 348.3985 326.4337 344.299 15.31282 26.27421 54.63754 69.72732 49.18492 7.989327 340.1148 48.65222 71.76751 71.69439 18.9465 292.3062 278.8068 303.4654 324.2461 348.0239 21.80141 12.13132 18.43495 341.2666 331.5044 2.579148 351.1796 346.3994 341.3544 347.7604 345.2917 313.0475 288.0042 279.1624 270 89.34145 101.3099 90.74406 100.0806 120.4258 131.236 148.0919 124.3803 101.9761 90.7639 86.87787
324.3099 306.6341 334.0935 335.556 337.3135 318.3146 327.4174 17.37893 19.13364 294.1791 244.0935 250.5297 272.9508 289.6121 324.8658 331.9908 8.972627 18.16596 9.536635 357.546 358.8656 3.664184 8.93059 38.15723 31.39027 1.414423 10.30485 1.636577 346.839 318.9843 350.2176 36.70285 57.52881 61.50436 50.71059 29.93151 1.668337 343.4956 76.75948 79.40266 68.19859 53.24632 249.2278 264.9079 276.7796 306.4164 336.8014 13.29857 3.814075 5.420595 355.486 335.9427 351.4444 353.1856 343.264 330.4221 345.0686 2.454032 350.9097 289.9831 291.9911 319.9697 51.45882 69.77514 79.56252 82.62624 91.02303 122.8285 186.4993 120.4655 90 60.15407 50.5722
3.483271 311.1215 272.8913 283.5359 298.7726 304.6182 350.0362 13.59484 22.94357 4.014176 296.2587 261.4248 244.5807 208.5296 258.1785 300.3791 349.6241 20.22486 6.449535 339.3625 355.7108 27.44646 61.31385 57.01148 20.3441 354.4996 356.4237 357.1936 341.417 324.2726 7.721826 68.53235 62.57985 47.81556 27.75854 7.284024 19.60409 28.39302 75.17352 80.10608 80.75389 71.56505 323.1301 298.5707 261.7406 255.3432 312.2737 331.0736 342.3874 352.5394 0.6227557 349.0772 352.4762 351.8699 342.7585 334.0935 338.9625 359.3563 12.40742 325.7389 293.0615 303.6901 102.875 89.25594 60.15407 117.0835 120.3432 92.57074 190.5735 185.3656 192.0948 105.8025 106.6992
17.80187 16.63095 308.3201 307.8228 287.8919 257.9694 239.9314 5.792797 24.88741 2.202598 333.1992 332.049 260.1342 244.3348 220.6568 212.8509 225.6228 342.4076 329.7827 336.9385 55.92281 81.64565 44.1186 12.99462 345.0184 325.9541 336.9911 327.6002 322.8533 100.9228 102.7244 79.38035 45 15.9454 17.549 2.082565 49.17044 78.15792 77.69946 69.0503 66.21797 35.80334 324.7437 334.9164 295.4077 281.5467 304.0193 310.5444 317.454 335.1858 1.974934 355.2799 348.887 349.3543 356.2954 354.8827 349.1359 357.7094 6.009006 338.4287 339.444 88.91908 123.6901 145.3048 136.9979 74.60445 116.2883 81.50144 4.763642 319.2054 71.56505 114.6769 26.56505
31.78368 41.21735 315.8551 314.3563 308.7655 243.605 263.4537 324.0085 12.91781 336.8014 325.6764 1.789911 348.1976 347.25 221.9872 234.6121 225.4122 243.6495 276.5198 329.4703 74.53878 67.03622 13.32453 16.92751 356.1859 335.556 336.5014 338.4481 332.8503 99.02761 110.3231 101.8887 35.96052 19.29005 29.18081 10.30485 74.5115 79.62415 58.49574 51.44954 45 42.1376 325.008 331.9275 333.166 299.0546 305.1939 295.0169 270.8814 283.1092 21.19406 5.389312 324.4623 336.4477 350.9868 11.12919 2.862405 11.92932 346.1088 355.8404 47.663 96.34019 111.0375 149.2645 106.9755 48.22452 71.56505 52.37377 353.9559 320.7106 22.38013 23.55226 337.0362
56.30993 29.27526 307.3853 315.6194 353.941 327.0678 309.1674 324.1471 357.8184 343.3275 335.4223 344.1975 346.9001 354.657 355.9717 343.951 231.009 237.9074 231.8924 207.8973 81.57303 41.13454 12.13132 0 345.0184 338.6821 345.5609 3.2397 50.90614 88.78113 93.17983 71.56505 351.3843 31.71513 38.65981 75.96375 91.02915 70.09625 60.9454 54.58294 53.26717 39.97593 329.0363 320.8264 343.0338 318.0448 306.0274 327.6526 320.6406 317.6026 8.673174 347.7352 317.6943 314.256 340.4633 17.57126 9.940573 359.4438 336.5713 30.74997 78.90628 82.7468 96.20345 335.556 61.09082 78.02386 79.21571 77.31962 56.30993 352.6942 354.2894 27.47443 303.4078
25.20112 356.0233 318.2572 317.7852 341.9728 340.6022 303.1113 297.0875 339.0755 6.054192 351.3268 343.4956 348.6901 341.3505 13.94573 51.96826 337.5206 294.2059 253.7798 247.9321 11.30993 325.7131 0 347.1957 333.4349 331.1892 20.37643 78.47628 103.2405 83.10757 38.29016 3.43363 357.1376 51.05419 57.20047 90 93.81407 86.63354 53.97263 45.8551 27.80146 26.56505 345.9637 341.5651 318.5448 342.165 341.0954 311.1432 316.7014 336.9745 354.1304 0.971022 329.6973 308.9458 316.9091 4.513988 13.24052 347.692 354.9204 82.40536 96.49077 101.5467 77.36094 315 99.21103 101.113 89.30972 86.18593 142.125 299.4275 358.3634 5.980599 355.9144
4.007804 356.6335 294.7082 302.3998 308.746 354.4725 336.4477 303.7607 327.0426 8.285797 342.7904 334.7761 345.0184 338.5817 33.97047 52.5326 337.0362 333.6495 326.5138 254.7449 305.3112 328.815 339.3765 332.7276 332.5256 341.0296 73.75712 93.71529 96.09586 52.43141 3.094058 356.8202 43.75463 63.43495 73.84266 84.03551 77.96941 39.89783 27.95097 11.30993 6.972769 32.59258 345.1013 339.6468 341.8473 347.9694 342.8241 299.1406 300.774 327.5288 334.6538 359.0906 353.3675 330.3885 336.8014 11.30993 27.80146 343.8108 102.3808 108.6767 95.64055 107.0629 121.6755 143.8807 112.6713 111.7054 125.6279 136.9091 340.6768 305.3625 225 339.5672 358.4518
5.314546 346.9209 303.1664 308.5006 316.7098 348.4862 335.311 325.7014 340.8444 1.701355 330.3616 329.3227 329.723 1.636577 60.47864 32.81635 321.9683 344.7449 354.8056 302.3474 267.6467 272.8156 290.2976 297.2161 328.2405 90 81.46923 64.77608 24.17911 349.4608 349.4608 14.80838 55.38886 58.57043 68.03944 67.27589 34.69515 6.340192 27.57014 13.33925 27.96223 29.38901 329.7436 338.8059 346.185 355.6617 353.4373 310.5028 315 316.8779 323.6732 347.3998 336.218 333.778 8.530766 75.51024 86.49647 140.3893 135 123.2066 104.3493 98.37867 115.1148 147.3391 100.6197 84.47246 84.20721 268.1524 211.8275 236.7683 318.5215 339.1455 45
6.709837 342.1811 302.7537 308.0656 307.5042 327.9946 334.3845 328.5704 29.47589 322.9893 322.275 324.1302 318.1798 49.31603 67.05643 30.21727 323.3439 340.2532 2.489553 7.352379 284.0363 264.4278 261.8699 260.6764 291.8014 12.33909 65.55605 30.01837 8.923988 12.22512 0 60.67952 91.30196 75.73549 62.10273 32.60459 24.71744 20.95578 14.85861 23.86018 29.93151 10.30485 329.9816 342.3499 320.5055 355.7858 2.447049 320.6307 321.8817 318.3665 328.4652 332.4472 321.4108 356.4965 100.7389 112.2703 116.3233 120.9638 119.9816 117.2842 123.1785 80.63981 90 115.0169 133.3153 91.97494 68.49857 67.03622 273.6522 276.4588 265.2364 334.5731 56.30993
356.0818 340.4976 295.4633 283.1204 287.4472 293.1986 322.125 0 20.32314 333.778 319.1596 318.3665 282.0948 87.39744 59.17234 10.45991 342.7283 335.4496 347.3196 9.462322 2.579148 313.9584 292.2703 313.3153 305.6764 8.972627 68.66314 14.98163 23.42869 22.28559 35.34011 87.22978 83.65981 62.8787 54.24611 15.72475 25.65567 23.08513 19.8407 18.78862 18.98322 20.1363 346.4296 340.2011 315.8952 1.169139 32.00538 274.3987 260.0958 297.2553 322.3996 332.9873 325.3663 87.82526 104.4208 106.7503 103.6713 120.1916 123.9765 114.6769 112.6199 108.435 76.0875 77.39984 113.6294 90.90938 63.00416 55.68491 287.5924 279.7437 290.6744 318.5763 15.87595
234.9262 263.991 268.6361 257.3474 247.1452 238.2405 203.8602 182.7927 299.4759 293.7495 295.4269 277.125 281.3099 29.0546 28.55962 25.66519 353.7844 321.941 333.7681 17.78389 21.22765 353.1076 288.4349 265.1355 276.1155 119.7449 74.56036 53.61565 45 43.60282 68.38522 64.87218 38.33334 32.69199 37.18471 0.6585432 42.61406 44.1186 11.30993 18.75865 26.56505 34.69515 2.56377 337.9887 251.565 56.30993 102.2648 288.4349 274.808 277.7218 292.8645 304.1145 303.2317 106.6609 109.6538 116.0535 107.0378 113.1986 127.614 90.93919 73.61046 90 79.62415 63.43495 62.02053 40.23636 33.99646 68.19859 302.9052 296.2114 301.7236 323.5308 11.30993
211.7294 212.8163 208.1786 201.0375 207.5252 211.3041 200.7256 198.435 206.8781 192.1152 200.8209 177.546 189.4092 167.1148 161.0535 276.3402 316.7624 318.3178 315 27.89727 16.95985 15.75117 354.5597 325.3973 352.9716 45 76.53479 41.42366 347.1957 46.21888 65.80679 73.0245 31.65127 2.960936 12.22512 11.04094 26.56505 20.9245 3.43363 57.77124 53.48895 28.90918 16.38954 29.62375 302.3196 342.4076 3.652223 357.5634 314.029 287.418 283.0791 297.2553 136.5482 111.8858 88.19126 89.42127 96.84277 77.074 55.71312 83.92754 82.99873 90 62.8787 49.76364 60.39555 55.61966 76.42957 79.99202 292.7965 265.7636 273.2572 289.5923 322.5946
235.5126 226.7357 211.4296 200.9558 219.4278 213.2317 204.7174 186.4235 194.7436 187.1717 212.4365 182.925 142.5394 172.875 238.8697 232.9072 218.6598 212.8451 206.1753 320.4403 351.2538 28.82784 338.5654 0.6030912 70.20113 94.18491 19.23067 8.130102 15.4885 90 22.30621 27.61303 16.50436 17.6223 15.86571 10.30485 24.34109 38.94581 54.95063 66.37062 36.32682 21.54098 31.55139 39.17366 310.0608 338.0968 349.6111 356.0698 337.6552 324.5543 311.3086 56.30993 93.99091 99.21103 88.5312 76.32869 70.55997 56.80243 55.61966 83.81139 105.1011 102.9946 117.2553 118.3008 109.8407 128.5412 122.4712 67.83366 333.0042 283.6429 273.7517 268.1524 275.3322
219.2321 222.1376 211.3287 198.9465 235.8855 210.9638 192.9074 190.3487 195.0049 204.7174 237.2648 205.1278 175.9144 174.6107 210.3112 216.1354 204.3864 207.165 214.5793 222.7688 247.6199 13.17255 336.1048 15.64225 34.33965 22.47943 16.38954 334.29 14.42077 10.19599 16.55707 26.56505 26.56505 6.072456 3.106027 15.25512 27.84758 25.70995 40.39991 40.71085 20.87902 23.4774 25.08359 11.50482 325.7289 323.5692 341.5651 346.8491 326.3099 328.707 331.9908 27.25533 67.98872 95.85601 97.59464 75.11373 69.97391 77.39984 75.17352 60.42216 59.32272 63.00416 108.435 111.8014 93.74299 60.25512 351.6071 358.2643 325.7843 288.4349 286.4486 286.1892 292.1263
204.444 217.0793 211.3903 218.0657 227.2906 193.7608 189.3602 175.486 222.4552 241.6501 233.8068 197.9873 171.8699 161.0168 221.8892 231.1702 220.7946 248.3556 246.5226 220.684 238.2405 247.8336 285.9454 258.6901 35.83765 22.96377 35.53768 357.8789 358.2101 22.49647 32.27565 33.50344 13.69588 345.3027 352.6942 28.04469 42.04922 41.13454 55.61966 40.73211 13.87753 14.79676 8.615648 1.636577 341.3233 359.3415 318.9452 330.9454 321.9112 319.2054 323.3832 69.77514 91.09122 47.91084 59.26451 90.80693 79.11447 66.47679 68.96249 70.86636 63.79988 82.87498 78.69007 75.96375 64.98311 354.2894 302.4712 350.5377 341.5651 323.6732 290.1795 305.8584 308.3255
187.0013 212.3578 226.7184 234.1624 209.0546 193.5359 192.9946 186.6048 203.7136 218.7131 225.9548 191.3099 176.0091 139.3987 278.8068 263.1572 269.3969 256.2637 231.953 214.796 238.1164 211.2509 205.4976 217.5686 251.565 51.58194 4.398705 12.26477 23.19859 49.51399 51.45882 16.29405 19.85522 15.9454 25.82099 67.0679 68.19859 62.57126 36.51105 38.33334 15.52411 7.431408 355.3999 19.23067 332.7839 6.072456 2.726311 315 304.3803 300.6773 231.3402 112.7882 84.49959 59.69732 90.49821 91.4321 84.68546 87.45519 89.2361 86.63354 104.7436 101.3099 59.93142 43.60282 47.43665 54.03948 184.3987 281.6115 321.4831 327.308 297.4744 288.1456 286.2324
181.2545 227.7792 235.5126 226.7534 200.2727 183.3665 191.9761 200.7722 194.2373 222.3057 225 197.354 206.0296 183.8141 236.2008 264.7261 259.4608 242.7004 233.3929 237.926 223.3634 187.7652 204.6468 217.8008 190.3048 213.1113 349.5085 77.47119 83.92754 91.84761 21.03751 23.62938 35.07375 39.14399 68.96249 83.04704 79.99202 67.71441 32.59258 33.11134 30.74997 3.814075 356.4965 25.76933 326.113 347.0054 6.546291 345.9637 335.3232 341.1139 113.1986 99.71325 81.34746 102.9178 99.22392 93.17983 92.60256 98.27589 115.9065 110.7256 96.34019 92.29061 55.30485 71.56505 103.7816 83.4802 0 285.3616 298.3008 310.4261 298.3008 282.2648 273.9647
224.1319 220.684 223.9949 207.8015 190.9228 173.5653 195.2551 203.3768 195.2551 221.9552 224.4491 202.8905 209.9622 232.386 259.3803 245.9929 233.3929 217.0304 220.6013 225 187.696 232.3058 259.5625 220.8724 187.9893 193.2665 192.5288 199.359 175.3645 25.55997 299.7449 62.74467 48.69139 69.44395 68.35557 55.49148 43.95837 29.29136 24.44395 46.21888 37.27818 2.385944 3.012788 8.972627 322.3264 323.6955 359.1186 348.3885 5.314546 54.65989 102.6526 97.92693 79.46082 83.4802 89.43273 95.06361 86.42367 82.40536 97.7336 94.844 102.0948 78.69007 79.21571 81.19321 68.96249 42.95459 334.8552 297.8973 299.6667 310.3893 306.3843 307.3332 287.354
236.5601 199.3232 216.6456 201.8014 188.3439 174.7261 196.6543 199.5367 211.4834 237.3194 239.4 214.5085 234.6197 248.7495 276.0542 279.9262 261.3475 264.0939 246.5713 254.7449 279.8658 289.7989 292.8906 241.2602 222.7094 205.821 230.4403 193.815 201.3706 184.6355 206.565 130.0303 126.8699 110.8978 84.40066 2.045408 7.480886 23.91624 25.60219 24.64677 3.2397 1.101706 1.041627 5.906141 323.6371 320.1944 340.2011 54.03948 83.36749 85.98582 103.861 60.06849 50.80673 63.00416 59.74356 52.96961 73.68615 71.131 55.68491 62.41797 69.30455 78.69007 94.76364 67.38013 38.04704 8.130102 326.7251 316.4144 314.1815 308.6598 299.0546 313.0909 296.9395
206.0954 198.9046 224.3179 203.3049 191.482 178.7811 203.4287 227.454 244.3443 259.5923 249.9628 262.4054 279.3602 275.9374 259.4265 263.3333 261.0274 243.435 264.6107 256.9081 268.2101 264.9869 247.6199 259.7778 245.2249 149.7436 212.6192 178.8767 183.4682 199.3232 200.2249 167.4712 131.6335 124.5085 123.6901 217.875 202.8336 75.96375 22.16635 12.99462 10.84031 2.602562 8.569142 357.0643 335.2976 321.9683 0.7073194 80.75389 81.02737 58.627 56.48199 31.6075 60.75117 63.60007 43.81881 35.78897 57.60861 64.20397 63.68735 54.46232 58.7816 86.18593 104.4208 81.8699 19.44003 355.6013 324.0903 317.3215 313.8065 311.8779 309.9869 294.8293 312.614
214.7652 227.4895 200.2249 186.4416 198.435 258.3407 289.7223 292.5901 300.7189 290.0952 288.0042 279.5829 264.5881 276.4416 283.1509 266.7845 252.8973 269.029 268.1524 233.9149 223.4306 223.1524 232.9696 258.6901 248.1986 225 168.6901 178.8767 209.7449 246.1613 230.1944 155.1363 159.2278 87.87891 88.36343 23.74949 50.71059 251.565 307.875 28.70595 15.42216 357.0643 351.6071 353.0272 340.9588 321.2035 37.87498 81.76438 77.00539 109.1336 71.25866 49.28915 62.10273 71.18811 67.38013 57.45 59.93142 74.0546 72.25533 33.17851 64.35899 80.97239 81.38435 338.1986 330.6422 326.6336 312.5634 310.1009 300.6997 300.6997 303.3106 316.2189 327.9074
219.6442 218.4181 179.3415 199.0935 258.1785 281.4695 298.457 301.5876 308.9623 297.7585 268.2643 196.631 215.6279 242.4748 249.1022 235.9228 250.6768 255.9638 236.8887 217.2348 233.9726 239.2645 241.4404 247.8336 247.249 183.3665 138.9005 167.55 196.1892 208.94 201.541 152.8787 209.0546 351.2538 336.3706 353.211 11.14289 17.31894 243.9704 16.38954 12.09476 342.9795 339.0442 351.8699 350.7067 325.7389 68.53235 69.30455 65.22486 104.3003 54.46232 32.9694 41.36705 67.9321 82.36667 89.21517 79.3461 78.21525 50.47737 27.21611 61.11342 62.10273 28.68615 340.8664 332.1985 330.9454 332.4748 326.9761 328.1092 322.5395 307.5284 316.7899 326.6894
202.4965 219.8636 246.0375 298.3008 291.9296 271.0291 277.3996 268.4306 264.5226 193.1725 185.2901 178.8983 225 236.551 240.4612 214.6242 228.3019 184.7636 190.1455 204.6769 275.0796 265.9144 250.56 257.3196 275.9061 138.2705 141.1702 157.8336 183.0128 198.1456 209.6872 200.3764 277.5946 335.7256 3.012788 252.7585 274.3987 29.84593 339.7174 309.0939 353.2544 348.4654 347.3196 349.0459 353.4802 358.7811 80.43331 79.99202 82.47618 66.54098 32.73523 60.12401 70.01689 74.32047 64.25929 73.44293 74.83554 70.27773 38.29016 38.79655 55.30485 57.47046 39.70992 343.8108 306.2538 331.6992 331.7827 323.3103 335.9427 340.4633 321.5463 313.7127 321.4416
261.6743 274.1182 271.606 252.8973 240.124 251.565 234.0903 212.6046 191.8024 188.4475 203.1986 264.6855 273.6085 261.9684 265.1355 135 219.9759 170.2867 207.943 230.3893 233.455 232.125 249.1455 203.6631 169.4027 149.1576 169.6409 176.1859 181.2189 240.5928 244.8321 247.6938 235.3889 184.6859 111.8014 208.6105 228.9452 246.8014 309.0939 294.444 329.6209 345.7841 356.9872 10.17551 40.6013 86.98721 83.41805 82.87498 71.56505 74.0546 115.3462 128.6598 129.8978 107.049 86.49647 73.23744 64.83213 44.1186 53.45503 66.80141 66.64443 53.1301 55.37584 311.3086 293.1986 321.2258 315 314.3338 348.3407 2.726311 296.5651 312.1376 6.632514
322.5946 265.1009 229.514 217.2782 244.7989 252.4076 226.9306 206.7675 199.0108 219.8827 250.2011 274.8991 277.7218 271.6847 252.6721 171.2538 112.3801 218.6598 256.6075 248.8865 223.698 227.0214 218.4802 163.0725 148.5704 166.2319 187.4314 190.4375 203.6821 257.6609 242.5256 213.518 196.3482 202.4794 176.4237 244.29 276.3402 263.6598 276.8428 283.861 295.7693 334.9831 315 88.5312 51.34019 53.1301 49.02826 69.92177 67.20348 62.02053 68.68209 86.4677 105.2551 105.0685 92.02136 84.28941 90 70.70995 77.53506 67.44276 56.0702 50.7928 65.85446 328.0919 301.7595 319.7636 317.7591 311.5834 23.19859 347.2756 297.0127 308.5169 81.38435
