MyMainGIS/bin/Debug/Data/DLS_Input/middleRisk_basic/sc1gr8.grid
ncols         442
nrows         735
xllcorner     -502080.37185814
yllcorner     2671876.5851211
cellsize      100
NODATA_value  -9999
[rows 330 to 362 of 735, columns 73 to 145 of 442]
1.218875 12.07214 10.34165 34.57929 25.20112 16.82141 45 36.46923 41.98721 83.95591 173.1572 153.435 105.5241 59.93142 25.23283 35.53768 4.289153 5.61758 42.24089 13.17255 9.566686 356.2995 6.981058 355.6013 337.2176 317.9953 321.5321 44.26548 90.78483 104.6678 107.0764 100.1247 56.30993 351.0983 346.6075 3.88791 43.65211 11.52372 345.8466 356.0698 18.18365 32.64464 35.10608 40.36454 46.30195 80.53768 61.09082 32.63751 353.991 66.29736 70.86636 63.43495 53.97263 72.89727 88.42345 93.12213 90 251.565 116.565 78.69007 74.0546 77.00539 90 18.43495 156.8014 111.8014 92.38594 198.435 273.8141 135 138.8141 198.435 108.435
346.3496 26.88693 37.81146 40.99583 47.2026 79.38035 81.72411 67.13549 23.96249 64.31186 47.8624 7.001267 353.1252 353.5765 356.236 6.508956 5.500412 12.30802 41.39558 338.9225 336.0634 4.955449 1.974934 345.7627 347.2288 337.9727 45 111.2974 108.435 100.1378 85.13548 30.96376 1.974934 337.249 350.0738 28.21736 24.29096 4.236395 335.4623 357.7688 36.3045 49.52882 33.20657 36.41638 41.85504 32.66091 1.548158 27.47443 89.27477 96.98106 118.4127 133.9191 129.3824 122.7995 106.8214 116.1468 155.2249 182.4895 143.1301 156.8014 135 113.1986 111.8014 98.1301 213.6901 96.34019 87.08916 272.4896 257.0054 56.30993 344.0546 11.30993 45
350.6398 44.40319 42.53718 59.30028 75.41108 59.03624 36.77328 0 355.6013 33.79166 349.6241 5.751402 353.5926 356.3861 359.6726 20.83337 19.13364 5.194429 9.574228 333.343 358.5312 354.3327 0.6510604 346.0322 355.4261 358.7546 73.11321 91.27303 98.61565 87.3736 40.98582 0 348.2317 347.692 6.340192 23.96249 12.40742 9.782407 351.8699 8.972627 47.68378 51.11551 36.97276 63.43495 62.96914 39.89783 29.35775 98.1301 111.413 108.435 99.78241 132.7974 128.6598 105.9454 77.00539 88.15239 149.0362 218.6598 135 113.1986 135 126.2538 270 74.74488 135 99.46232 94.96974 272.1211 341.5651 146.3099 215.5377 135 315
333.8531 42.90475 51.2773 60.52411 53.53077 13.10921 22.10945 338.9077 350.9868 22.52057 4.261223 10.23104 358.8678 5.139757 20.64699 23.68209 355.3999 0.290839 13.41871 339.9048 340.5773 346.7722 359.3312 15.85193 355.3466 35.05943 74.81416 81.38435 76.26373 28.92643 13.06932 358.5797 349.1145 349.1359 25.46334 19.39781 2.792702 355.684 357.594 9.544525 49.3987 73.84266 104.1843 94.15965 58.29857 52.00127 71.56505 104.6209 114.5377 101.3099 90 75.34325 75.96375 75.96375 80.53768 83.15723 45 90 161.565 114.444 125.5377 97.12502 204.444 206.565 63.43495 108.435 61.69925 30.96376 276.3402 104.0362 33.69007 225 225
332.4027 24.35301 50.71059 40.95551 20.12585 19.03593 13.3925 340.3644 12.11876 23.02549 2.002533 0 18.22885 24.00128 10.64062 7.678964 344.6444 15.86571 7.618546 0.3031494 333.8636 334.0935 7.917503 21.7323 49.08562 91.67484 98.45892 78.19756 35.63981 12.72436 5.599339 2.202598 5.946863 350.9421 18.01977 8.130102 2.436648 348.4248 344.7449 45.97102 72.00409 88.11181 95.64825 65.22486 57.80427 74.40719 79.21571 87.78034 100.751 84.61069 101.8887 111.5014 100.008 105.7086 120.2564 64.98311 35.53768 63.43495 104.0362 111.8014 108.435 90 8.130102 101.3099 225 68.96249 97.12502 213.6901 242.1027 35.53768 90 180 135
344.1808 22.09423 48.31094 39.62329 24.14554 17.70043 10.30485 343.1786 357.5104 12.36906 10.0975 0.316548 25.75812 32.93869 353.8678 21.20923 328.7223 18.17213 353.6598 354.9961 345.9637 341.1818 14.03624 39.80557 77.56044 93.70055 88.00212 64.88516 14.34933 14.79676 11.88866 3.077455 12.26477 357.7094 7.907163 3.814075 7.765166 349.249 356.0548 108.6669 117.0721 105.6978 100.3591 162.4076 122.3474 90.74406 99.95807 118.3612 89.25594 116.565 99.78241 88.72697 76.82745 90.72523 78.02386 102.5288 78.02386 101.3099 101.3099 270 90 153.435 195.2551 120.9638 270 127.875 82.18471 298.3008 298.3008 66.80141 90 153.435 232.125
8.714733 36.36287 47.36137 31.96664 31.42957 15.85193 355.156 340.641 339.7751 7.19347 10.3692 12.09476 38.01894 17.07641 3.447387 19.98311 335.556 8.252529 348.5507 348.1785 349.321 348.4533 37.14669 77.05737 81.65611 71.91656 68.62938 30.76272 5.194429 8.130102 17.1759 11.52372 18.43495 16.07357 8.841815 6.581944 23.96249 14.03624 114.7751 109.1556 111.6258 114.6559 124.4874 155.7722 153.0343 159.4891 152.8919 65.22486 63.19917 80.13419 94.3987 90 94.6859 98.1301 118.8108 143.7462 97.69605 71.56505 36.8699 11.30993 130.6013 98.1301 210.9638 341.5651 45 116.565 93.17983 290.556 278.1301 59.03624 71.56505 84.80557 270
54.86581 44.26548 44.34146 41.92255 20.83337 6.241914 336.218 330.6422 352.3758 9.462322 26.83404 9.30994 25.78291 14.32272 1.694647 8.530766 348.2317 356.3016 354.7099 355.9555 352.2164 88.2643 100.4692 83.18179 75.16006 72.80146 35.19391 23.96249 14.96672 10.66978 30.69972 75.61861 115.2011 148.2986 157.0679 165.4111 156.1398 149.5742 139.8852 101.3099 65.75407 72.89727 77.93223 85.23636 85.3999 11.30993 206.565 154.0577 122.9574 101.7251 107.7004 117.9795 124.6952 102.6804 59.03624 61.69925 116.565 0 73.07249 97.30576 239.0362 0 307.875 6.340192 76.60751 74.0546 92.48956 213.6901 261.8699 116.565 110.556 296.5651 3.814075
104.0362 43.15239 53.80679 28.04469 19.98311 4.398705 338.4481 325.5208 108.435 130.6013 121.6075 324.4623 34.08887 2.045408 353.4181 6.788975 3.532295 15.55457 21.03751 34.15969 97.43141 122.9628 121.7092 107.2096 88.57973 80.81116 58.70696 45 55.00798 98.1301 123.3664 121.7236 123.8351 146.5237 153.2629 168.3106 165.5297 159.2093 159.0755 180 77.09259 77.92786 66.16126 58.30918 59.78273 68.19859 143.3659 142.7652 146.3099 120.1414 102.0948 102.3808 100.4077 82.47618 63.43495 71.56505 60.9454 315 71.56505 69.30455 309.2894 323.7462 303.6901 158.1986 126.4692 119.7449 91.97494 261.8699 270 96.34019 108.435 279.4623 6.340192
169.6952 18.43495 51.95296 34.2157 20.48036 358.2643 343.2375 87.87891 121.3287 162.0836 188.2463 212.3196 183.1798 155.8545 12.38076 104.0362 131.2483 160.4269 148.1632 139.0856 142.267 135.3331 144.7004 147.9946 99.71325 97.06673 107.2415 103.6713 96.04409 111.413 133.3317 137.6026 114.7751 116.7915 129.2894 150.7086 156.4896 169.7891 184.7636 179.4543 145.6698 89.52649 64.06919 63.43495 65.29757 47.1211 41.18592 45.77422 41.63354 65.69545 97.43141 107.4027 95.19443 76.26373 84.09386 45 88.15239 198.435 33.69007 38.88449 6.340192 5.194429 90 124.6952 108.435 315 51.34019 344.7449 285.2551 95.19443 8.130102 278.1301 173.6598
204.8637 202.3062 152.5924 136.8476 301.7595 121.866 147.9074 137.0025 128.9458 141.6487 178.7897 195.4965 187.9484 176.2916 165.8849 161.1079 169.4874 148.7909 155.647 141.3816 143.3787 137.9682 133.8542 157.3801 160.0398 146.5077 165.8946 178.5005 162.532 110.4623 101.5467 122.55 132.2737 113.3691 116.7541 116.1468 94.2364 351.2538 347.8286 36.8699 208.3008 99.09028 88.85424 60.81919 63.03429 64.33481 78.38851 77.82854 105.6423 118.6442 128.5713 117.1811 119.9315 108.435 71.56505 73.07249 61.69925 26.56505 180 108.435 71.56505 113.1986 61.69925 33.69007 0 0 90 18.43495 323.1301 33.69007 6.340192 45 225
210.6354 207.1598 170.8033 154.6538 184.6534 155.9657 145.823 143.0669 130.8252 129.2513 134.326 188.6525 188.9511 174.7625 177.4142 158.1034 199.9831 164.6445 155.9126 148.134 147.6334 120.3791 117.0721 127.9542 144.7276 152.8189 166.7921 182.6507 182.7263 150.6621 132.2208 133.8876 136.9979 138.0128 124.3803 114.6769 336.9911 345.2032 36.08507 63.43495 343.8108 83.4802 88.5679 102.6193 108.1456 78.48617 94.80795 122.8451 106.4342 108.1381 116.1139 107.4472 124.5085 117.646 125.5377 106.6992 61.69925 90 90 26.56505 32.47119 16.92751 36.8699 39.80557 341.5651 94.3987 93.01279 225 276.3402 53.1301 161.565 53.74616 45
192.875 185.2624 164.0104 150.3382 199.24 159.444 120.6186 120.9638 110.799 102.9381 86.59723 296.1469 191.3099 146.7125 212.0054 194.8265 185.7626 148.8775 134.3338 141.3402 141.8924 150.5546 135.8814 127.7975 138.9452 158.4986 155.8545 176.1287 189.8814 165.774 135.9964 146.0564 141.6667 114.444 38.36749 352.3758 341.3127 60.57254 99.36019 170.9421 160.7693 134.4383 140.2339 147.7136 155.6136 129.1226 96.76617 103.707 92.92498 83.991 74.35775 88.87669 45 67.83366 61.69925 296.5651 66.2505 30.96376 15.25512 45 33.69007 119.0546 102.9946 63.43495 118.3008 115.3462 108.435 270 198.435 90 26.56505 74.74488 26.56505
86.34778 115.821 164.5115 116.9166 217.9835 210.0686 123.9063 95.85601 96.23448 97.35238 97.88314 111.0375 105.0685 153.8247 168.9063 164.9622 165.7275 187.4132 164.8355 155.8068 140.0006 157.7215 155.8367 133.6678 113.1986 8.130102 358.7546 42.95459 87.6627 178.7636 128.3333 123.6901 128.6598 317.0826 319.1276 333.4349 4.248455 68.35557 85.23636 87.58049 116.131 125.6553 107.2415 69.62357 57.52881 158.334 114.5901 77.19573 86.12148 87.45519 94.76364 80.75389 105.2551 92.72631 90 90 225 123.6901 135 135 120.9638 131.8202 209.0546 144.4623 104.0362 116.565 349.992 266.6335 90 225 161.565 63.43495 81.8699
42.7974 50.37099 64.33481 104.3003 161.565 193.4258 184.5905 143.9726 94.18491 101.4755 114.5672 155.2249 124.5625 130.7946 151.574 154.3698 135.7489 167.4123 232.2243 147.5288 134.6021 138.8141 153.435 97.12502 342.7585 321.2035 346.7113 38.56526 40.88509 23.02549 23.38522 23.62938 351.4164 315.6366 315.3494 333.4349 38.82983 60.20241 62.68847 77.00539 43.58558 48.20949 20.51332 8.046091 17.75491 16.53484 26.31265 63.43495 75.03328 63.43495 53.74616 71.56505 65.22486 99.46232 90 30.06858 95.19443 87.70939 5.194429 79.69515 107.1027 96.34019 293.1986 83.65981 111.0375 54.46232 0 276.3402 101.3099 45 -1 108.435 63.43495
74.84593 84.80557 98.33437 97.54942 86.28471 131.5664 202.1955 189.7133 111.6951 102.5724 114.1455 138.6329 137.3137 139.4365 146.9207 130.3013 103.2986 40.42608 272.1211 126.7644 109.3978 24.0755 15.25512 4.484606 339.9628 324.1179 344.9816 50.85601 37.09284 23.28236 10.43748 8.334365 353.3087 329.1723 312.6979 351.2853 47.8624 66.70988 34.50852 28.10135 38.44305 29.18863 1.032245 13.8407 26.82198 38.7227 51.49935 66.48544 57.45 50.12819 50.49232 67.47943 76.32869 100.1755 194.0362 102.9946 82.56859 345.9637 26.56505 78.69007 71.56505 26.56505 135 26.56505 63.43495 329.0363 81.8699 45 161.565 45 59.03624 126.8699 149.0362
123.9174 114.0574 65.55605 17.10273 30.79323 65.30447 132.1376 166.4296 158.2557 133.5312 131.5936 129.2894 91.90915 43.60282 5.389312 20.09523 21.16126 15.81919 40.81508 60.12401 31.89079 358.5559 0 331.4222 335.1858 337.0979 20.11259 47.2026 49.70785 25.88027 7.539445 358.1283 336.8014 327.1491 333.2726 22.98872 54.37209 56.48199 64.51588 61.6543 15.46122 359.6763 17.18958 56.79343 81.14204 75.76272 72.72826 71.24135 59.93142 47.52612 52.7336 51.20345 52.94347 68.55226 45 81.02737 11.30993 120.9638 113.9625 113.1986 56.30993 33.69007 18.43495 108.435 54.46232 21.03751 60.9454 0 66.80141 239.0362 113.9625 90 26.56505
48.86546 20.73871 6.779568 12.875 64.49306 75.56084 84.58813 111.9149 142.8291 114.7751 40.23636 26.84729 355.6013 346.4641 3.423871 11.76829 13.48306 20.9892 27.81429 6.009006 2.077175 14.78273 359.0122 306.8057 327.5288 356.4965 62.59243 54.71325 32.95742 1.494334 2.060111 353.8409 323.6428 330.7512 13.21275 51.4416 78.69007 82.06445 79.00749 22.24902 2.726311 29.19749 88.02506 89.22578 86.18593 69.26129 68.85047 77.78428 47.60256 71.56505 70.24053 31.6075 49.33231 56.09372 39.28941 34.38034 36.8699 61.69925 39.80557 352.875 26.56505 26.56505 60.9454 105.2551 146.3099 125.5377 141.3402 180 171.8699 142.125 90 261.8699 101.3099
31.79891 11.88866 2.327815 46.95251 67.89986 52.83926 52.5326 43.17203 25.66519 359.5937 354.3878 7.891703 33.04342 320.7106 344.4275 4.159642 22.49647 36.36287 22.10945 352.6588 356.0548 25.01689 6.709837 315 309.4547 63.06047 79.56252 35.75389 13.50784 356.7191 10.86406 341.5651 323.0591 331.5044 49.61065 75.77403 119.707 113.7908 85.46223 63.43495 130.4261 116.834 113.0704 101.113 88.30535 113.7495 84.44703 49.01418 65.85446 88.06941 80.7274 42.51045 70.30138 87.2073 45 68.62938 75.96375 54.46232 36.8699 45 83.65981 86.98721 123.6901 99.46232 101.3099 102.9946 341.5651 101.3099 156.8014 45 63.43495 45 104.0362
8.820379 355.4095 45 40.82956 36.99527 49.3987 40.04674 23.89516 5.64055 340.3462 356.8779 26.92768 52.51644 350.1342 318.0665 12.48249 31.57817 21.1135 14.33107 333.6001 355.5488 21.70544 17.08023 322.4115 341.5651 47.41951 31.26373 3.12213 0.3274009 13.81503 1.655487 336.0375 351.5525 344.5388 64.60409 75.63 82.23483 104.6973 90 99.6599 96.34019 120.4655 115.4633 94.15965 90 53.84182 62.85032 79.46082 99.6599 88.5312 75.01836 84.28941 98.47115 74.0546 53.1301 67.61987 53.74616 58.24052 104.0362 126.8699 111.8014 78.69007 87.51044 299.7449 57.52881 110.2249 336.0375 27.34988 10.00798 0 15.25512 45 23.19859
8.32565 14.50664 57.99462 40.13549 59.33543 46.70135 45.94695 10.46917 2.27045 340.1046 23.19859 50.76263 50.90614 351.9776 320.6246 16.89373 30.33554 30.96376 357.2737 335.5014 344.2113 26.40893 32.61924 323.6732 3.814075 34.59229 0.9391909 9.039483 5.053826 10.19599 16.18921 354.3327 19.69862 130.7636 103.3487 111.8014 101.8997 90.59066 36.8699 62.74467 69.37646 95.30093 117.3156 122.8285 75.96375 68.70264 65.63755 93.36646 111.1135 125.665 128.9559 146.6336 138.5035 94.3987 85.81509 90 90 102.0948 78.69007 45 3.814075 45 40.03026 225 128.6598 129.2894 280.3048 111.8014 104.0362 216.8699 63.43495 95.19443 329.0363
14.74356 44.20428 43.95837 29.5115 35.85836 57.35536 37.9716 349.2869 354.9576 11.15994 50.26239 57.58296 44.37724 341.0034 321.5198 11.82149 14.87096 26.90274 342.4397 332.9389 1.287329 21.47679 35.77608 329.6013 3.012788 27.67591 8.246321 3.423871 24.36245 21.46765 22.57414 27.80146 79.69515 104.3814 117.4744 98.57771 92.55289 81.65611 74.74488 106.3139 95.82634 86.00909 105.4612 158.0704 128.9275 81.02737 93.93018 85.72054 97.12502 119.3577 109.7468 90 112.1663 153.435 81.02737 52.76517 77.00539 48.57634 356.1859 45 90 93.81407 66.80141 54.46232 45 349.992 45 161.565 94.3987 135 153.435 116.565 243.435
349.9194 25.74071 30.17352 29.79196 45.54051 65.08604 342.4076 329.0363 356.9872 55.59942 87.95459 95.64825 0.6437457 321.1886 336.3706 2.174744 31.55139 40.05404 329.3003 313.4657 18.6767 12.77124 3.621485 336.8014 13.92834 38.10758 18.90458 58.44862 57.0306 38.79655 78.43987 101.5752 96.04409 94.12759 96.76617 82.3596 53.1301 77.73523 106.8584 132.9786 129.6233 114.3046 95.66728 130.0303 172.6942 108.7052 102.2251 90.46581 70.31969 54.46232 41.98721 51.20345 41.63354 41.18592 122.2756 112.751 158.6294 140.7106 142.125 158.6294 143.5308 183.0128 114.7751 135 204.444 101.3099 188.1301 108.435 188.1301 293.1986 96.34019 203.1986 120.9638
345.3027 29.0546 32.47119 46.09122 55.75797 48.84245 341.7915 329.9622 353.0888 55.24786 48.17983 35.25636 0.3845297 323.3832 338.0968 39.70992 5.906141 9.637538 335.6375 306.545 59.53445 60.9454 45 355.6013 57.09476 88.12212 124.3302 147.2157 134.029 135 107.418 92.07003 92.48956 93.74299 97.43141 80.21759 60.85193 66.35098 70.0462 92.72631 104.4208 90.60309 89.06081 105.1011 153.0042 122.6046 116.9802 117.2161 58.86103 32.39139 51.34019 49.23639 52.69605 83.95591 110.556 100.4915 69.44395 98.74616 115.0169 123.6901 132.9546 213.1113 333.4349 53.61565 33.69007 225 63.43495 113.1986 215.5377 180 90 90 191.3099
355.6013 57.35536 57.40742 38.78436 57.42594 48.5323 347.4326 336.6055 6.009006 65.3616 41.71912 29.09117 0 335.8858 2.950779 36.46923 354.3517 352.3667 29.82709 169.7778 160.0744 170.3112 175.486 167.0054 144.9818 137.4026 142.4314 140.0921 162.0309 174.8056 124.9194 98.1301 91.50744 79.50852 79.11447 71.131 74.74488 74.18081 60.01836 45 55.1915 79.87533 94.20536 113.0513 131.4677 147.0948 144.3665 143.9149 349.992 30.02712 55.14555 51.07246 53.61565 70.38791 65.32314 47.8624 72.75854 149.0362 86.98721 130.2364 91.54816 248.1986 232.7652 100.3048 79.50852 294.444 101.3099 77.00539 180 258.6901 23.19859 33.69007 45
8.226723 32.10625 20.19734 54.46232 43.54364 22.87366 342.4991 333.4349 25.07442 52.62815 40.69553 27.78393 14.33544 352.4879 26.75414 42.1376 52.12502 141.009 120.75 132.6467 142.9435 181.0416 172.3423 162.3075 163.7571 150.6728 156.2796 141.9112 158.6705 181.8476 174.8056 158.3556 154.7223 105.9454 88.394 96.45882 108.8119 99.54453 104.3814 77.9977 78.84006 89.35625 106.631 99.74364 93.5323 24.56717 350.5377 358.9053 8.695503 60.25512 69.86369 62.02053 39.68546 55.52078 16.50436 42.2073 67.24902 73.81079 80.53768 123.6901 67.61987 303.6901 119.4759 270 114.444 149.0362 115.0169 201.8014 201.0375 218.6598 180 116.565 135
354.7261 24.53773 25.12782 31.81424 27.92359 24.1284 355.4951 328.6097 39.68546 53.66413 69.39374 17.24146 14.03624 359.4327 74.0546 129.1737 157.8336 143.2356 140.8395 135 136.7253 172.5041 164.0017 156.562 196.2763 164.8865 157.4965 154.359 154.9831 173.9275 177.847 169.3302 178.6881 146.4966 121.3995 92.8624 101.5601 88.22853 91.24536 105.2551 112.2856 120.4504 94.08562 66.80141 47.89858 350.5874 350.2382 11.88866 46.88819 62.10273 71.24135 54.13018 48.57634 58.34873 20.89777 25.16787 39.49452 35.53768 34.99202 86.82017 149.0362 151.3895 135 239.0362 120.2564 187.125 11.30993 34.99202 45 161.565 206.565 142.125 81.8699
17.04903 58.76078 45.65106 51.49353 27.451 16.48445 358.2816 354.8636 50.95713 52.05231 44.53795 14.99508 17.6223 102.45 116.9166 121.0717 143.0429 130.1634 132.1579 127.4836 124.3803 136.3804 133.1323 144.3099 216.8175 186.3402 149.1622 155.1998 158.344 176.0698 167.9052 165.8424 186.4993 178.7078 147.3194 143.5046 135 114.8637 118.8108 137.1787 134.4595 142.1843 77.57406 26.99584 11.04094 334.1989 6.10278 46.1233 59.89347 68.8865 84.1304 47.5448 41.82017 59.57421 14.74356 46.68468 50.35582 48.12213 56.53462 94.14462 140.7106 101.3099 282.2648 118.7398 0 0 216.8699 71.56505 55.00798 212.4712 180 -1 18.43495
112.1355 139.6859 96.95296 34.50852 12.46493 31.50427 33.95906 78.85101 93.36646 122.0926 81.8699 75.96375 106.0399 104.6209 103.7681 76.55138 77.7685 78.31063 84.55967 79.60567 83.4373 99.92625 111.2505 63.43495 230.4923 142.5326 149.9622 169.1597 158.8243 158.0513 152.6676 158.1986 178.5559 175.9017 172.3438 163.1482 176.0477 149.8832 136.0658 122.3073 88.87669 340.0836 352.5686 351.091 340.6259 349.3803 78.45331 83.15723 47.32153 40.1469 41.48625 31.34958 29.67849 50.71059 34.82449 74.0546 73.73979 51.91123 81.46923 70.30138 20.55605 63.43495 333.4349 0 321.009 11.30993 80.53768 284.0363 88.15239 349.992 251.565 248.1986 149.0362
124.3461 149.4 170.9421 139.9697 145.8855 119.5778 129.6233 113.9968 96.86643 110.556 147.6651 148.2405 129.4278 92.7927 79.45193 89.14491 83.38654 79.99202 69.59979 75.48894 64.79887 74.74488 89.27477 122.0926 161.565 150.6583 146.4025 175.8554 166.4052 151.3269 150.8657 135 133.2643 164.5214 166.3452 166.5169 160.4633 135.9469 131.3322 28.46516 357.3102 344.5779 343.1313 13.49573 353.4181 106.1892 102.1715 69.27444 42.31622 59.74356 69.69156 62.02053 56.72511 42.35746 57.72435 74.42746 11.30993 55.30485 59.1843 58.44862 43.36342 355.1009 7.431408 21.37062 307.875 26.56505 81.25384 306.2538 57.52881 71.56505 26.56505 275.1944 104.0362
117.4744 109.359 174.4007 170.3482 164.8047 158.1428 150.3215 137.8388 107.9044 92.8624 112.0679 136.5622 149.4067 138.5396 113.459 144.1624 147.4543 150.0685 129.3907 123.9829 111.8014 94.65826 108.1527 119.2328 122.3807 117.2996 77.90524 60.42216 152.2415 91.33222 49.18492 36.25384 18.43495 71.56505 99.78241 118.3008 80.67641 52.12502 23.96249 339.3864 339.1349 348.511 2.726311 53.21921 83.8845 95.82634 40.6013 24.25392 53.63713 75.63 75.25644 79.75591 68.62938 71.0535 82.16447 70.9423 22.38013 69.34109 83.41805 68.31771 66.80141 45 15.25512 75.25644 113.1986 195.2551 53.74616 239.0362 95.71059 79.99202 315 251.565 83.65981
90 108.178 119.0546 156.0375 155.3949 132.5634 141.6544 180 124.7432 135 132.7605 135 125.2001 151.6501 131.1859 127.4649 144.8658 160.1016 140.1479 135.6161 128.3952 134.3415 105.7086 62.2815 27.09555 20.07153 1.005086 26.39503 13.24052 356.0091 22.43299 32.95742 27.07208 50.55297 31.95436 2.009554 30.14139 354.8056 342.204 329.3728 334.0935 14.80838 26.33309 43.394 46.54816 21.16126 0 55.7389 93.01279 79.69515 37.52844 63.01977 58.627 80.13419 74.40719 29.0546 4.184916 73.17859 79.61115 81.43085 53.88066 9.462322 71.56505 68.96249 73.30076 315 45 45 11.30993 45 93.81407 225 213.6901
129.6991 126.9776 126.5568 150.5928 140.9743 147.3691 167.8557 162.646 132.4632 126.9432 153.0042 151.46 116.9061 119.0546 122.2604 95.94152 77.08218 157.8905 135.7742 128.4181 97.76517 53.74616 7.125016 14.58892 12.09476 27.47443 347.2756 20.60626 14.81632 17.549 39.80557 55.30485 42.8789 40.81508 41.56637 340.0169 8.471145 351.7976 342.1039 330.5725 358.5057 25.27772 37.03039 46.24537 64.4703 59.67639 123.2317 108.435 85.07289 61.33604 64.0577 77.73523 84.03551 72.1213 53.36589 45 73.61046 95.5722 70.01689 48.41659 45 15.64225 50.19443 20.55605 15.64225 36.8699 251.565 83.65981 45 55.30485 34.69515 0 291.8014
