MyMainGIS/bin/Debug/Data/DLS_Input/middleRisk_basic/sc1gr8.grid
ncols         442
nrows         735
xllcorner     -502080.37185814
yllcorner     2671876.5851211
cellsize      100
NODATA_value  -9999
[rows 264 to 296 of 735, columns 73 to 145 of 442]
294.1455 19.61209 16.86866 342.8973 335.6063 31.23921 104.8757 104.4703 81.8699 21.80141 304.242 295.062 312.0643 15.25512 33.11134 80.94211 113.1986 101.9083 116.2001 162.8596 151.5258 148.151 137.6425 149.7968 115.7693 88.75464 75.96375 94.4846 98.55556 105.9454 126.8699 138.6329 129.1605 115.062 116.7229 121.9081 124.3803 121.2637 11.30993 10.0975 19.53666 33.0031 28.53999 16.76255 38.15723 108.435 129.9576 119.7449 137.6026 126.573 100.9228 104.0362 116.565 92.12109 51.34019 87.51044 94.08562 120.9638 116.565 78.69007 84.80557 191.3099 101.3099 0 0 90 90 144.4623 147.5288 120.9638 206.565 198.435 251.565
324.4623 331.3138 353.6598 22.0679 109.6223 122.8285 93.62148 41.69814 0.7638984 336.0375 297.5701 297.7185 294.7751 29.98164 72.451 99.95807 113.334 104.3003 85.23636 101.3099 118.6518 129.8978 129.0429 142.0165 172.9333 151.6992 131.4785 106.3895 92.67543 108.435 119.6872 135 139.2364 138.1221 119.4191 99.8193 35.40686 359.4327 338.8059 356.1859 22.14124 11.67371 40.1469 39.99936 69.32558 87.27369 110.4328 131.8202 108.435 120.9638 107.5256 94.63546 108.435 116.565 130.2364 108.435 100.3048 45 116.565 126.8699 86.98721 153.435 173.6598 161.565 176.1859 168.6901 129.8056 116.565 -1 94.3987 203.1986 192.9946 185.1944
300.1735 313.9088 45 118.6389 124.3151 115.7693 39.36932 5.343056 348.6901 344.4759 342.3367 311.6615 321.0885 30.52971 74.53878 81.17363 94.61065 86.98721 118.9677 116.131 119.7976 115.0169 110.9657 122.074 169.0609 166.0652 158.2789 134.0906 116.3421 109.8852 105.3269 116.7321 132.9174 129.5597 83.8845 355.1009 7.841703 354.0355 341.7749 352.8228 25.21892 16.2602 40.5251 55.47424 80.73547 81.25384 90.90938 130.2364 112.6199 115.71 111.8014 97.12502 80.53768 74.0546 98.97263 90 74.0546 86.18593 90 75.96375 67.61987 78.69007 111.8014 135 164.7449 184.3987 135 45 161.565 26.56505 20.22486 315 300.9637
265.6013 239.0362 126.4444 116.834 96.4416 40.71085 357.1579 340.8555 346.0383 48.04478 337.6199 298.6732 329.9816 48.52145 72.867 71.17529 74.66672 92.29061 100.0975 90.61606 81.46923 86.45523 90.64375 71.21138 128.3333 163.3008 171.3475 152.488 135.6228 139.0856 104.8265 97.93555 87.70939 15.1011 349.8753 335.6744 352.7857 7.284024 356.2686 56.30993 85.19205 125.3112 116.9958 108.2459 108.435 92.36625 90 113.1986 135 120.2564 90 58.24052 39.80557 41.98721 71.56505 57.52881 83.65981 119.0546 66.80141 125.5377 96.34019 90 98.1301 53.1301 63.43495 341.5651 18.43495 45 98.1301 225 149.0362 161.565 180
305.0223 350.5377 44.40319 32.47119 18.87738 359.6396 343.6571 338.9625 27.96223 24.12098 337.8336 322.2445 351.6561 77.24247 78.69007 70.20113 57.99462 63.9144 31.79891 30.21727 40.51539 46.83284 46.43209 45.7639 58.51657 46.73571 81.8699 132.8524 137.6838 148.134 105.2551 60.67952 2.152963 358.4846 354.1875 335.6955 30.96376 75.96375 100.4915 110.9558 114.8804 117.0875 120.3027 95.02908 88.02506 89.48383 92.48956 105.2551 152.7447 161.565 130.6013 101.3099 115.0169 108.435 135 120.9638 87.51044 71.56505 102.2648 111.8014 341.5651 63.43495 33.69007 81.8699 0 9.462322 315 85.6013 120.9638 90 180 90 156.8014
323.7462 5.273896 12.99462 12.49892 20.77225 355.5392 347.6995 350.8629 350.2996 5.542992 348.4763 341.5651 64.53665 82.21644 94.3987 92.21966 81.32683 57.59333 73.17859 53.91493 63.94651 66.43117 66.80141 76.93845 57.52881 67.05106 85.12611 65.17065 25.25316 32.79953 39.55967 356.4677 328.8697 3.945186 0 359.3969 57.45 54.13018 85.6013 101.7456 79.3461 70.9249 53.53077 63.06047 63.81189 72.49914 78.42481 97.88314 155.556 209.7449 153.435 135 123.6901 111.0375 140.7106 180 112.3801 118.3008 92.72631 78.69007 0 90 59.03624 26.56505 0 45 66.80141 90 108.435 -1 288.4349 26.56505 356.1859
328.5704 349.7432 0.971022 16.06418 25.15537 2.190574 346.3571 345.6186 7.917503 26.80083 346.8275 105.2551 124.895 123.9965 97.12502 56.92932 41.34778 46.63658 62.8601 72.07208 83.65981 78.35403 80.33133 74.56036 61.69925 75.77403 69.32558 15.25512 2.121096 2.882963 42.6467 356.6335 322.125 11.30993 16.38954 54.09028 61.96615 53.1301 63.2394 62.24146 63.43495 36.8699 26.90609 52.74471 61.99082 69.94391 79.79603 78.69007 122.4712 225 131.1859 113.7495 129.2894 98.1301 80.53768 243.435 108.435 90 45 18.43495 108.435 90 116.565 135 153.435 142.125 128.6598 106.3895 146.3099 270 315 251.565 -1
191.3099 166.7335 165.9638 168.2153 173.2544 207.3499 222.7974 192.6526 106.1134 102.2648 114.353 128.1818 112.3801 50.04245 23.68209 13.51253 30.82766 58.81503 43.94882 38.25442 27.64598 44.08335 51.29682 36.70285 29.90843 40.66173 27.31561 9.057888 26.83404 4.820766 10.7843 2.526117 348.9174 67.71441 90.83031 120.3236 72.64597 72.64597 63.99665 41.63354 36.60707 11.30993 64.59229 64.89543 59.69732 68.62938 63.43495 61.049 70.70995 160.0169 151.9275 127.4054 123.6901 80.53768 73.30076 146.3099 90 333.4349 120.9638 113.1986 90 93.81407 90 -1 116.565 111.8014 171.8699 71.56505 333.4349 261.8699 270 18.43495 90
164.0064 151.6992 159.689 183.2981 189.0665 184.946 190.9311 184.7405 148.5166 118.0092 78.17851 50.33216 35.53768 19.35899 7.765166 15.52411 77.47119 76.60751 37.25966 45 45 58.54794 53.06693 41.21735 26.36542 16.80502 22.99589 37.27818 35.53768 1.636577 35.98068 34.79603 90 121.139 115.2011 143.5308 27.89727 72.18111 102.0948 81.8699 79.33022 97.59464 104.2373 109.2127 65.03101 60.03043 47.88642 49.8531 52.39959 31.86598 38.65981 126.2538 145.3048 180 86.63354 45 50.71059 29.0546 80.53768 108.435 135 153.435 180 -1 71.56505 69.44395 336.8014 315 6.340192 180 270 0 90
160.416 143.348 140.1944 188.3721 181.8677 197.4836 188.2047 201.6232 198.0343 98.1301 52.30576 64.98311 114.0755 128.4802 158.1208 173.8678 131.9872 60.35014 51.41084 61.09082 59.88627 75.19162 71.56505 49.23639 20.50143 20.27269 45.6662 54.22392 38.65981 25.01689 90 113.1986 107.1985 103.5704 98.39292 339.1455 33.31063 88.89829 111.9745 121.5514 118.706 148.861 142.5947 108.435 63.92464 51.07246 60.00492 56.76829 45.53546 33.85711 53.36589 113.1986 164.7449 156.8014 140.1944 141.3402 135 144.4623 114.444 102.5288 110.2249 98.1301 -1 270 94.3987 104.0362 21.80141 270 123.6901 315 302.4712 353.6598 12.99462
164.876 169.1861 101.3099 128.5007 164.1859 237.6651 167.6995 208.426 210.7544 197.9044 145.6197 129.5597 125.6018 150.2551 180.8425 203.8059 192.9074 155.7256 110.3231 73.12373 58.70696 82.63525 113.7136 147.2251 96.34019 94.3987 89.32597 82.87498 87.27369 96.61346 116.565 122.6192 108.435 116.9657 151.3895 196.1134 133.5856 115.6836 115.4077 112.7824 115.2532 136.8882 200.556 190.9541 145.3048 76.90015 89.15748 76.13897 52.53944 49.13467 59.03624 54.46232 326.3099 66.03751 105.2551 95.19443 126.8699 129.2894 120.9638 118.6105 135 329.0363 45 -1 78.69007 0 71.56505 54.46232 90 243.435 225 270 65.55605
240.1541 156.9911 150.0049 86.77547 341.5651 253.2016 145.751 216.4692 222.3804 204.7494 146.4158 142.8691 94.89909 119.6591 186.5967 191.1695 181.7357 167.4365 158.0513 163.0245 133.3634 119.7805 119.5604 152.6501 162.6811 141.4831 141.3402 126.4309 116.0296 102.2315 94.08562 111.0375 102.5288 88.02506 139.5739 168.0239 114.2277 106.0908 106.6992 112.6938 100.7327 86.18593 159.1455 159.7343 165.9638 147.4259 143.5836 187.9435 75.14139 62.10273 61.28492 57.875 343.6105 58.3925 65.55605 71.56505 63.43495 71.56505 90 83.65981 45 236.3099 66.80141 135 45 15.25512 347.0054 14.03624 126.8699 0 291.0375 248.1986 125.5377
175.192 172.8028 191.6593 109.8552 114.6236 200.7387 209.5115 233.6525 244.179 243.2394 119.1808 103.5125 131.0548 103.0274 169.2319 193.0456 191.8644 190.8855 110.2249 135.8185 128.6598 135 129.2894 115.0963 167.3302 147.6422 146.2059 164.8989 128.1765 127.3039 91.59114 86.72952 82.11686 52.66681 55.30485 61.69925 84.14399 81.55247 85.06078 91.06091 83.96674 76.37301 102.2005 105.7247 121.6075 123.5412 77.10625 247.751 150.9454 128.1572 87.83892 42.7974 7.305759 54.09028 76.42957 81.8699 18.43495 59.93142 86.98721 74.0546 180 315 6.340192 135 225 333.4349 81.8699 142.275 179.0906 267.2737 320.7106 348.6901 90
195.8262 209.0546 223.741 162.951 115.7693 176.1215 205.0169 203.2946 209.1288 233.7462 147.5288 132.6141 147.4074 78.21181 68.28606 202.4794 187.125 187.4874 169.886 154.9831 122.3742 121.6398 110.2249 62.10273 98.80679 113.0255 106.8763 130.9717 132.7543 129.4725 147.0948 97.59464 64.98311 89.16969 96.34019 111.3706 75.14139 69.04422 61.69925 70.11484 74.74488 96.22583 82.23483 21.92959 25.11484 25.20112 21.22765 16.96615 17.10273 41.08175 48.81408 38.15723 63.88609 94.76364 90 135 161.565 131.1859 77.00539 26.56505 315 0 101.3099 85.23636 210.9638 230.4403 100.008 99.11787 277.5238 280.7131 288.4349 161.565 108.435
250.3462 227.7591 237.2361 155.8068 132.0492 146.5346 209.4191 190.1755 213.9388 215.4171 164.5966 155.8858 149.0362 64.17901 84.04858 145.9541 163.3457 177.5105 181.5911 158.5232 139.6107 141.4044 216.6743 72.40758 79.21571 79.99202 91.66833 90 84.28941 91.59114 69.77514 78.69007 97.52382 112.7144 111.3179 167.2757 123.3106 87.18444 61.50436 55.43748 47.43665 42.11703 1.655487 5.28124 357.1376 15.9454 8.852004 10.52391 23.35556 35.80334 37.23483 84.95755 106.46 125.2724 103.5704 130.2364 135 101.3099 45 36.8699 90 158.1986 180 63.43495 9.462322 263.6598 99.46232 55.30485 311.6335 282.2648 293.1986 84.80557 26.56505
248.5146 257.7352 236.113 139.4672 125.7274 157.4569 197.5256 184.9863 209.4759 203.8274 183.0848 218.1572 144.4623 113.1986 90.70732 101.6115 142.6404 155.9929 188.3833 165.4258 149.3493 153.166 198.1527 166.8908 113.4774 124.249 119.0546 102.0306 112.249 77.82854 25.14478 78.69007 119.1808 120.0686 79.04594 55.00798 104.0362 107.7839 133.0585 92.54481 84.14399 47.96094 20.89777 37.11686 321.3402 26.02959 17.65012 45 96.43474 65.32314 74.0546 114.7435 124.5625 150.6422 123.6901 126.8699 225 104.0362 180 98.1301 81.8699 341.5651 45 25.55997 13.3925 135 100.7131 101.3099 275.4403 302.4712 -1 26.56505 345.9637
245.9627 227.1409 182.1747 127.0199 106.7826 113.8753 193.0791 211.293 223.0475 206.7481 222.7974 212.2213 144.335 144.5989 114.1455 98.82038 96.09586 90.64375 155.7941 203.1986 141.0725 159.7751 163.7798 183.4064 132.337 130.3893 126.7241 125.7539 153.435 339.7751 88.31532 106.2134 130.8554 139.2364 153.7999 151.9908 133.7811 116.565 138.9452 140.4403 120.6997 168.6901 109.29 59.22596 90.97102 192.45 151.736 146.6222 140.3009 131.236 105.9454 106.6543 135 130.2364 123.6901 65.55605 161.565 129.2894 270 -1 135 191.3099 225 18.43495 69.77514 45 55.49148 18.43495 285.4612 315 302.4712 333.4349 78.69007
247.0942 224.5145 193.7995 133.727 92.29061 102.4649 164.6237 209.0546 207.2996 199.5159 209.6044 197.8297 143.3833 153.435 120.0686 89.04516 76.32869 75.76272 101.7934 183.0941 140.9806 173.3456 179.1449 237.6804 119.8142 135 118.8866 93.81407 293.1986 175.9144 115.56 105.3852 106.4769 110.2249 143.1301 161.565 131.0548 108.0834 82.47618 124.2611 142.125 177.0892 255.2564 25.42687 15.64225 59.16706 67.34811 103.9283 130.2364 147.2005 117.4076 96.58195 116.565 78.69007 329.0363 26.56505 69.77514 348.6901 0 104.0362 90 59.03624 272.4896 98.1301 45 26.56505 31.50427 9.462322 325.008 320.1944 315 116.565 151.6992
221.1859 214.6467 202.3801 180 141.4108 140.1521 155.9245 192.1549 201.1613 191.482 197.6633 206.4498 184.0445 165.1137 149.1843 92.54481 92.02136 102.9946 69.50741 91.4321 116.1139 166.5348 201.1757 203.1986 133.0909 164.3578 108.435 123.6901 127.5686 151.9908 125.6553 109.9424 105.2551 113.3852 136.273 212.4712 116.834 130.9858 135 104.2373 104.8265 159.1022 243.435 264.6107 20.65891 61.75575 70.22392 83.08878 77.06739 133.1221 128.4181 90.64375 23.96249 0 346.6075 12.26477 45 315 56.30993 50.71059 356.1859 2.726311 306.2538 -1 11.30993 18.43495 4.398705 356.1859 12.99462 153.435 167.0054 139.7636 149.0362
186.0725 229.3987 220.7108 159.2668 141.8143 165.0414 149.7746 206.9958 224.2559 181.0809 181.4203 215.7644 200.0136 148.4486 153.178 183.1221 124.3803 111.1941 107.2415 90 67.44276 65.43283 77.19573 210.6773 154.44 175.6013 170.6764 201.0375 65.55605 91.78991 112.6938 120.2564 124.9507 141.5819 150.8324 182.8156 128.7032 156.6232 172.8228 156.5014 127.6736 142.125 233.9726 200.2826 155.7461 103.5232 90.7639 69.88036 64.70798 48.14496 75.51024 85.42608 288.4349 45 0 90 66.03751 35.53768 326.3099 356.1859 347.0054 53.1301 81.8699 334.9831 319.3987 347.0054 81.8699 123.6901 130.9144 153.435 116.565 45 120.9638
191.8887 202.4965 180.9602 160.3129 155.799 166.2996 165.3236 212.1957 216.7029 165.5792 178.1988 202.9541 202.1452 167.3474 156.9149 176.6335 179.5265 125.7274 83.45371 76.60751 78.34071 91.39718 102.9946 167.7352 147.2648 135 191.7251 188.3659 153.0343 129.4945 114.353 103.7816 119.859 135.6438 152.488 184.514 118.9601 169.5085 168.4654 178.2643 147.0306 151.2602 213.8453 202.7144 219.9576 68.07041 74.81416 70.90651 101.7848 78.69007 84.38242 71.56505 45 348.6901 26.56505 45 56.30993 65.55605 281.3099 315 111.8014 90 351.0274 348.6901 71.56505 156.8014 126.2538 124.6952 122.0054 236.3099 18.43495 120.9638 144.4623
185.3392 184.1276 173.8647 171.1393 155.6895 168.2669 191.8644 205.8936 186.0618 168.9829 185.4774 205.641 195.6194 169.4608 164.9816 197.4748 217.9987 151.6992 100.008 100.008 100.3048 94.86452 116.2587 173.8534 150.9454 144.6888 180 159.444 160.2011 144.9042 112.0362 112.0511 126.5184 135 170.8376 130.4261 92.42928 150.124 180.971 164.3961 163.8355 175.0729 205.0675 197.071 207.943 110.6954 74.268 89.30972 99.0715 94.72799 90 56.30993 45 0 108.435 135 83.65981 12.99462 326.3099 54.46232 18.43495 333.4349 0 119.0546 146.3099 141.3402 90 113.1986 164.0546 231.3402 158.1986 111.8014 98.1301
26.17529 23.19859 140.3893 164.7449 149.0362 135 181.5911 195.1595 191.4087 175.156 186.0275 209.5641 193.2079 178.0251 201.0375 213.8571 187.0013 178.4234 157.1355 120.9638 130.7946 122.9052 100.5392 125.5377 139.7636 151.7984 167.6609 140.2901 153.0605 157.8336 135.674 106.8987 107.0629 107.2415 135 137.7927 105.4222 104.0362 137.6943 140.2418 160.71 177.9399 200.7461 207.2996 203.0913 180.9191 153.435 112.3801 98.74616 91.08092 74.0546 72.40758 66.80141 348.6901 39.80557 25.01689 0 354.2894 341.5651 18.43495 0 90 130.9144 127.4054 161.565 180 90 91.4688 90 300.9637 90 135 135
351.1075 20.1858 29.64986 20.60626 9.462322 6.532137 5.572198 78.02386 184.316 181.5074 194.7436 217.2597 202.4569 197.549 200.4328 212.7843 192.6804 167.6446 178.3317 140.6307 126.5014 148.3925 112.4569 133.698 127.0107 144.8658 175.0729 157.5431 144.4623 142.125 140.1282 123.5842 103.815 112.6199 119.7449 126.8699 143.3257 149.3936 138.0128 138.0128 82.87498 114.444 214.6242 197.8189 190.4077 178.3397 180.3951 140.1364 102.1237 109.9325 106.6992 66.80141 1.84761 343.3008 45 26.56505 14.74356 45 135 135 158.1986 116.565 122.4712 113.9625 180 198.435 150.9454 104.0362 174.8056 254.0546 63.43495 83.65981 8.130102
351.1932 13.47101 6.449535 8.455028 3.868204 2.946447 10.43022 43.2212 51.26349 333.4349 312.3974 264.2072 200.2249 204.6236 209.4072 216.2026 175.6013 160.2011 190.5327 166.6447 145.561 149.4208 121.3287 86.82017 107.387 129.9576 166.3995 189.7276 145.6849 139.0142 123.8571 110.0372 109.8852 141.1155 117.646 120.0414 134.4327 137.6026 136.9749 329.0363 12.38076 38.21103 35.53768 174.8056 182.8624 191.4588 186.2258 153.1381 109.8407 99.36019 102.5288 39.28941 41.42366 71.56505 101.3099 135 106.9275 138.5763 153.435 161.565 165.9638 126.8699 95.19443 23.19859 0 68.19859 101.3099 91.54816 171.8699 239.0362 135 116.565 153.435
352.6194 0.2546462 4.000186 6.877935 12.86275 19.2534 35.36246 35.69523 22.25844 3.17983 31.53479 84.09386 158.1986 189.7824 208.7151 202.3287 154.6284 148.3245 200.6136 207.9561 192.5288 157.1355 146.646 158.1986 149.802 155.1363 186.0441 186.6544 148.4382 164.6872 162.5746 153.7117 136.5275 143.1301 139.3987 126.5387 83.41805 16.07357 330.9454 321.8428 16.69924 45.81845 19.68031 43.26429 61.69925 169.6952 186.3402 178.6028 153.435 104.0362 75.96375 95.19443 93.81407 110.556 108.435 135 116.565 71.56505 83.65981 102.9946 156.8014 123.6901 135 104.7436 174.8056 135 116.565 88.15239 102.9946 247.6199 171.8699 125.5377 348.6901
348.9675 4.590543 5.931527 18.84566 26.71084 32.23444 31.47169 26.56505 34.44482 35.97239 40.84036 36.9409 29.80475 26.99584 184.3987 194.37 156.1048 160.6557 212.8451 206.9395 194.4392 146.3815 139.4749 158.1986 162.7904 183.3971 185.8696 161.0101 156.0375 178.7546 183.6914 161.8869 138.764 129.2894 121.9613 118.0725 338.2861 341.5651 344.9315 359.6396 14.47029 15.17292 49.30447 46.27303 31.17135 29.98164 14.34933 45 129.8056 101.3099 98.1301 100.008 100.008 111.3706 92.29061 336.8014 59.03624 45 59.03624 53.1301 11.30993 45 83.65981 61.69925 45 135 59.03624 73.81079 16.69924 251.565 161.565 0 327.5288
28.30076 131.9872 9.782407 32.9694 49.13467 48.25195 45.59681 47.75249 51.73601 34.16992 34.28688 28.98456 27.83183 40.13549 59.36458 133.2643 152.2161 171.7142 203.0089 213.6901 202.4668 138.8937 137.8755 154.1252 165.7189 174.4278 167.125 165.0942 163.996 186.8817 190.8855 168.1785 162.4991 121.5348 94.02827 330.3501 318.7395 339.4133 335.3016 26.73711 33.42481 55.38886 90.93919 54.61973 28.61046 29.29136 23.87528 43.75463 79.69515 131.4237 101.3099 130.2364 115.3462 93.36646 90 225 135 77.00539 45 30.06858 45 37.87498 83.65981 83.65981 78.69007 23.19859 120.9638 100.3048 120.9638 299.0546 11.30993 296.5651 225
155.2605 169.0689 176.6933 174.9869 162.8596 155.556 159.1932 133.2643 116.7371 138.3665 150.9454 154.9293 145.7244 137.3859 117.7585 44.21518 7.431408 13.09189 56.68937 214.8457 193.3245 122.1118 105.5928 12.99462 358.4792 24.62357 36.08507 355.7321 25.90651 90 163.8866 176.7295 173.3333 187.5947 319.7148 329.0363 315.8013 326.0826 356.5526 77.90524 114.0755 115.1775 41.69814 0.8550974 2.834111 18.43495 12.88517 36.05462 74.95361 71.56505 75.46555 90 15.25512 34.38034 51.00901 56.30993 90 315 84.80557 110.556 155.556 158.9625 122.9052 101.3099 96.34019 120.9638 104.0362 87.87891 155.556 285.2551 66.80141 315 351.8699
152.9453 164.8234 172.7986 176.5864 166.8122 170.4378 160.4012 172.8157 145.2787 139.792 128.7742 130.0729 147.3625 138.5763 111.8014 350.6553 0.4735081 20.40021 64.69862 97.43141 183.4474 111.5713 358.7811 333.4349 5.882446 29.50515 22.75098 7.792078 41.63354 56.68937 10.75097 25.20112 23.49857 277.4958 277.3058 279.7524 290.4496 244.9831 121.7595 116.4498 117.646 23.19859 353.8409 350.2933 359.2258 12.48249 13.73627 52.0165 67.70284 55.30485 95.52754 109.9831 191.3099 158.9625 70.01689 45 29.0546 135 120.0686 97.12502 71.56505 135 45 11.30993 53.1301 33.69007 71.56505 84.47246 32.47119 254.7449 98.1301 270 327.0948
141.2156 154.8407 165.8466 162.2695 156.8896 167.7995 147.308 172.0825 138.9794 86.87787 26.56505 13.75307 26.86192 6.340192 345.1735 345.0499 7.352379 33.45331 52.65771 36.95711 12.17146 342.7185 329.2725 331.3701 27.3777 40.6013 23.34401 49.14462 63.82471 27.89727 356.8202 20.77225 358.5498 341.2883 295.594 284.3311 221.4965 161.2883 145.8082 111.5014 32.61924 335.0952 340.9534 354.6855 4.513988 30.66456 61.09082 76.8796 59.34933 62.92792 84.80557 90 225 -1 74.74488 74.0546 98.97263 116.565 94.3987 144.4623 23.19859 20.22486 53.1301 0 45 104.0362 90 86.98721 66.80141 248.1986 161.565 296.5651 225
2.29061 24.34109 34.69515 22.43299 22.50353 24.02651 0 23.44292 17.65012 3.621485 331.8438 3.17983 21.6869 349.9457 334.9293 0.734521 32.52489 34.77783 29.49746 24.05253 5.355825 326.5784 322.2986 20.97975 81.98877 95.59934 92.95078 27.89727 355.6749 353.9458 1.660282 357.2409 349.321 359.2927 331.7557 323.8204 358.4089 1.080924 37.78574 31.50427 321.5366 322.787 345.6773 8.447527 26.07536 68.45902 75.7189 76.09731 68.13142 43.79395 41.33221 57.68038 108.435 162.7585 153.435 145.008 155.556 98.1301 65.55605 77.00539 -1 90 90 146.3099 76.60751 90 113.1986 77.47119 18.43495 261.8699 135 206.565 209.0546
21.37062 27.40758 21.03751 345.7355 25.1357 37.16447 331.3895 35.75389 36.14204 329.0363 328.7531 344.1602 1.010997 356.0698 3.387387 26.73711 19.44003 31.68637 34.27555 10.60116 0.6389599 330.0184 353.3201 118.4429 135.5116 120.4998 64.79887 340.8444 353.9667 354.2894 351.8699 350.8112 349.249 1.414423 344.0064 351.0644 352.2843 16.84381 43.54979 39.80557 305.8821 307.6004 345.5297 19.98311 49.15964 74.85902 75.17352 84.28941 59.70831 57.29527 61.4293 53.27589 46.39718 106.6992 225 50.19443 71.56505 153.435 144.4623 85.6013 135 98.1301 35.53768 71.56505 168.6901 63.43495 45 75.96375 45 307.875 45 161.565 255.9638
