MyMainGIS/bin/Debug/Data/DLS_Input/highRisk_ecology/sc1gr7.grid
ncols         442
nrows         735
xllcorner     -502080.37185814
yllcorner     2671876.5851211
cellsize      100
NODATA_value  -9999
[rows 400 to 439 of 735, columns 180 to 269 of 442]
1390 1390 1390 1390 1390 1390 1390 1390 1390 1390 483 483 483 483 483 483 483 483 483 483 3151 3151 3151 3151 3151 3151 3151 3151 3151 3151 686 686 686 686 686 686 686 686 686 686 6 6 6 6 6 6 6 6 6 6 6 6 6 6 6 6 6 6 6 6 9 9 9 9 9 9 9 9 9 9 89 89 89 89 89 89 89 89 89 89 1364 1364 1364 1364 1364 1364 1364 1364 1364 1364
1390 1390 1390 1390 1390 1390 1390 1390 1390 1390 483 483 483 483 483 483 483 483 483 483 3151 3151 3151 3151 3151 3151 3151 3151 3151 3151 686 686 686 686 686 686 686 686 686 686 6 6 6 6 6 6 6 6 6 6 6 6 6 6 6 6 6 6 6 6 9 9 9 9 9 9 9 9 9 9 89 89 89 89 89 89 89 89 89 89 1364 1364 1364 1364 1364 1364 1364 1364 1364 1364
1390 1390 1390 1390 1390 1390 1390 1390 1390 1390 483 483 483 483 483 483 483 483 483 483 3151 3151 3151 3151 3151 3151 3151 3151 3151 3151 686 686 686 686 686 686 686 686 686 686 6 6 6 6 6 6 6 6 6 6 6 6 6 6 6 6 6 6 6 6 9 9 9 9 9 9 9 9 9 9 89 89 89 89 89 89 89 89 89 89 1364 1364 1364 1364 1364 1364 1364 1364 1364 1364
1390 1390 1390 1390 1390 1390 1390 1390 1390 1390 483 483 483 483 483 483 483 483 483 483 3151 3151 3151 3151 3151 3151 3151 3151 3151 3151 686 686 686 686 686 686 686 686 686 686 6 6 6 6 6 6 6 6 6 6 6 6 6 6 6 6 6 6 6 6 9 9 9 9 9 9 9 9 9 9 89 89 89 89 89 89 89 89 89 89 1364 1364 1364 1364 1364 1364 1364 1364 1364 1364
1732 1732 1732 1732 1732 1732 1732 1732 1732 1732 87 87 87 87 87 87 87 87 87 87 397 397 397 397 397 397 397 397 397 397 1089 1089 1089 1089 1089 1089 1089 1089 1089 1089 6 6 6 6 6 6 6 6 6 6 6 6 6 6 6 6 6 6 6 6 9 9 9 9 9 9 9 9 9 9 60 60 60 60 60 60 60 60 60 60 785 785 785 785 785 785 785 785 785 785
1732 1732 1732 1732 1732 1732 1732 1732 1732 1732 87 87 87 87 87 87 87 87 87 87 397 397 397 397 397 397 397 397 397 397 1089 1089 1089 1089 1089 1089 1089 1089 1089 1089 6 6 6 6 6 6 6 6 6 6 6 6 6 6 6 6 6 6 6 6 9 9 9 9 9 9 9 9 9 9 60 60 60 60 60 60 60 60 60 60 785 785 785 785 785 785 785 785 785 785
1732 1732 1732 1732 1732 1732 1732 1732 1732 1732 87 87 87 87 87 87 87 87 87 87 397 397 397 397 397 397 397 397 397 397 1089 1089 1089 1089 1089 1089 1089 1089 1089 1089 6 6 6 6 6 6 6 6 6 6 6 6 6 6 6 6 6 6 6 6 9 9 9 9 9 9 9 9 9 9 60 60 60 60 60 60 60 60 60 60 785 785 785 785 785 785 785 785 785 785
1732 1732 1732 1732 1732 1732 1732 1732 1732 1732 87 87 87 87 87 87 87 87 87 87 397 397 397 397 397 397 397 397 397 397 1089 1089 1089 1089 1089 1089 1089 1089 1089 1089 6 6 6 6 6 6 6 6 6 6 6 6 6 6 6 6 6 6 6 6 9 9 9 9 9 9 9 9 9 9 60 60 60 60 60 60 60 60 60 60 785 785 785 785 785 785 785 785 785 785
1732 1732 1732 1732 1732 1732 1732 1732 1732 1732 87 87 87 87 87 87 87 87 87 87 397 397 397 397 397 397 397 397 397 397 1089 1089 1089 1089 1089 1089 1089 1089 1089 1089 6 6 6 6 6 6 6 6 6 6 6 6 6 6 6 6 6 6 6 6 9 9 9 9 9 9 9 9 9 9 60 60 60 60 60 60 60 60 60 60 785 785 785 785 785 785 785 785 785 785
1732 1732 1732 1732 1732 1732 1732 1732 1732 1732 87 87 87 87 87 87 87 87 87 87 397 397 397 397 397 397 397 397 397 397 1089 1089 1089 1089 1089 1089 1089 1089 1089 1089 6 6 6 6 6 6 6 6 6 6 6 6 6 6 6 6 6 6 6 6 9 9 9 9 9 9 9 9 9 9 60 60 60 60 60 60 60 60 60 60 785 785 785 785 785 785 785 785 785 785
1732 1732 1732 1732 1732 1732 1732 1732 1732 1732 87 87 87 87 87 87 87 87 87 87 397 397 397 397 397 397 397 397 397 397 1089 1089 1089 1089 1089 1089 1089 1089 1089 1089 6 6 6 6 6 6 6 6 6 6 6 6 6 6 6 6 6 6 6 6 9 9 9 9 9 9 9 9 9 9 60 60 60 60 60 60 60 60 60 60 785 785 785 785 785 785 785 785 785 785
1732 1732 1732 1732 1732 1732 1732 1732 1732 1732 87 87 87 87 87 87 87 87 87 87 397 397 397 397 397 397 397 397 397 397 1089 1089 1089 1089 1089 1089 1089 1089 1089 1089 6 6 6 6 6 6 6 6 6 6 6 6 6 6 6 6 6 6 6 6 9 9 9 9 9 9 9 9 9 9 60 60 60 60 60 60 60 60 60 60 785 785 785 785 785 785 785 785 785 785
1732 1732 1732 1732 1732 1732 1732 1732 1732 1732 87 87 87 87 87 87 87 87 87 87 397 397 397 397 397 397 397 397 397 397 1089 1089 1089 1089 1089 1089 1089 1089 1089 1089 6 6 6 6 6 6 6 6 6 6 6 6 6 6 6 6 6 6 6 6 9 9 9 9 9 9 9 9 9 9 60 60 60 60 60 60 60 60 60 60 785 785 785 785 785 785 785 785 785 785
1732 1732 1732 1732 1732 1732 1732 1732 1732 1732 87 87 87 87 87 87 87 87 87 87 397 397 397 397 397 397 397 397 397 397 1089 1089 1089 1089 1089 1089 1089 1089 1089 1089 6 6 6 6 6 6 6 6 6 6 6 6 6 6 6 6 6 6 6 6 9 9 9 9 9 9 9 9 9 9 60 60 60 60 60 60 60 60 60 60 785 785 785 785 785 785 785 785 785 785
6857 6857 6857 6857 6857 6857 6857 6857 6857 6857 1612 1612 1612 1612 1612 1612 1612 1612 1612 1612 1398 1398 1398 1398 1398 1398 1398 1398 1398 1398 1495 1495 1495 1495 1495 1495 1495 1495 1495 1495 57 57 57 57 57 57 57 57 57 57 6 6 6 6 6 6 6 6 6 6 6 6 6 6 6 6 6 6 6 6 6 6 6 6 6 6 6 6 6 6 16 16 16 16 16 16 16 16 16 16
6857 6857 6857 6857 6857 6857 6857 6857 6857 6857 1612 1612 1612 1612 1612 1612 1612 1612 1612 1612 1398 1398 1398 1398 1398 1398 1398 1398 1398 1398 1495 1495 1495 1495 1495 1495 1495 1495 1495 1495 57 57 57 57 57 57 57 57 57 57 6 6 6 6 6 6 6 6 6 6 6 6 6 6 6 6 6 6 6 6 6 6 6 6 6 6 6 6 6 6 16 16 16 16 16 16 16 16 16 16
6857 6857 6857 6857 6857 6857 6857 6857 6857 6857 1612 1612 1612 1612 1612 1612 1612 1612 1612 1612 1398 1398 1398 1398 1398 1398 1398 1398 1398 1398 1495 1495 1495 1495 1495 1495 1495 1495 1495 1495 57 57 57 57 57 57 57 57 57 57 6 6 6 6 6 6 6 6 6 6 6 6 6 6 6 6 6 6 6 6 6 6 6 6 6 6 6 6 6 6 16 16 16 16 16 16 16 16 16 16
6857 6857 6857 6857 6857 6857 6857 6857 6857 6857 1612 1612 1612 1612 1612 1612 1612 1612 1612 1612 1398 1398 1398 1398 1398 1398 1398 1398 1398 1398 1495 1495 1495 1495 1495 1495 1495 1495 1495 1495 57 57 57 57 57 57 57 57 57 57 6 6 6 6 6 6 6 6 6 6 6 6 6 6 6 6 6 6 6 6 6 6 6 6 6 6 6 6 6 6 16 16 16 16 16 16 16 16 16 16
6857 6857 6857 6857 6857 6857 6857 6857 6857 6857 1612 1612 1612 1612 1612 1612 1612 1612 1612 1612 1398 1398 1398 1398 1398 1398 1398 1398 1398 1398 1495 1495 1495 1495 1495 1495 1495 1495 1495 1495 57 57 57 57 57 57 57 57 57 57 6 6 6 6 6 6 6 6 6 6 6 6 6 6 6 6 6 6 6 6 6 6 6 6 6 6 6 6 6 6 16 16 16 16 16 16 16 16 16 16
6857 6857 6857 6857 6857 6857 6857 6857 6857 6857 1612 1612 1612 1612 1612 1612 1612 1612 1612 1612 1398 1398 1398 1398 1398 1398 1398 1398 1398 1398 1495 1495 1495 1495 1495 1495 1495 1495 1495 1495 57 57 57 57 57 57 57 57 57 57 6 6 6 6 6 6 6 6 6 6 6 6 6 6 6 6 6 6 6 6 6 6 6 6 6 6 6 6 6 6 16 16 16 16 16 16 16 16 16 16
6857 6857 6857 6857 6857 6857 6857 6857 6857 6857 1612 1612 1612 1612 1612 1612 1612 1612 1612 1612 1398 1398 1398 1398 1398 1398 1398 1398 1398 1398 1495 1495 1495 1495 1495 1495 1495 1495 1495 1495 57 57 57 57 57 57 57 57 57 57 6 6 6 6 6 6 6 6 6 6 6 6 6 6 6 6 6 6 6 6 6 6 6 6 6 6 6 6 6 6 16 16 16 16 16 16 16 16 16 16
6857 6857 6857 6857 6857 6857 6857 6857 6857 6857 1612 1612 1612 1612 1612 1612 1612 1612 1612 1612 1398 1398 1398 1398 1398 1398 1398 1398 1398 1398 1495 1495 1495 1495 1495 1495 1495 1495 1495 1495 57 57 57 57 57 57 57 57 57 57 6 6 6 6 6 6 6 6 6 6 6 6 6 6 6 6 6 6 6 6 6 6 6 6 6 6 6 6 6 6 16 16 16 16 16 16 16 16 16 16
6857 6857 6857 6857 6857 6857 6857 6857 6857 6857 1612 1612 1612 1612 1612 1612 1612 1612 1612 1612 1398 1398 1398 1398 1398 1398 1398 1398 1398 1398 1495 1495 1495 1495 1495 1495 1495 1495 1495 1495 57 57 57 57 57 57 57 57 57 57 6 6 6 6 6 6 6 6 6 6 6 6 6 6 6 6 6 6 6 6 6 6 6 6 6 6 6 6 6 6 16 16 16 16 16 16 16 16 16 16
6857 6857 6857 6857 6857 6857 6857 6857 6857 6857 1612 1612 1612 1612 1612 1612 1612 1612 1612 1612 1398 1398 1398 1398 1398 1398 1398 1398 1398 1398 1495 1495 1495 1495 1495 1495 1495 1495 1495 1495 57 57 57 57 57 57 57 57 57 57 6 6 6 6 6 6 6 6 6 6 6 6 6 6 6 6 6 6 6 6 6 6 6 6 6 6 6 6 6 6 16 16 16 16 16 16 16 16 16 16
3637 3637 3637 3637 3637 3637 3637 3637 3637 3637 87 87 87 87 87 87 87 87 87 87 1129 1129 1129 1129 1129 1129 1129 1129 1129 1129 987 987 987 987 987 987 987 987 987 987 798 798 798 798 798 798 798 798 798 798 6 6 6 6 6 6 6 6 6 6 6 6 6 6 6 6 6 6 6 6 6 6 6 6 6 6 6 6 6 6 32 32 32 32 32 32 32 32 32 32
3637 3637 3637 3637 3637 3637 3637 3637 3637 3637 87 87 87 87 87 87 87 87 87 87 1129 1129 1129 1129 1129 1129 1129 1129 1129 1129 987 987 987 987 987 987 987 987 987 987 798 798 798 798 798 798 798 798 798 798 6 6 6 6 6 6 6 6 6 6 6 6 6 6 6 6 6 6 6 6 6 6 6 6 6 6 6 6 6 6 32 32 32 32 32 32 32 32 32 32
3637 3637 3637 3637 3637 3637 3637 3637 3637 3637 87 87 87 87 87 87 87 87 87 87 1129 1129 1129 1129 1129 1129 1129 1129 1129 1129 987 987 987 987 987 987 987 987 987 987 798 798 798 798 798 798 798 798 798 798 6 6 6 6 6 6 6 6 6 6 6 6 6 6 6 6 6 6 6 6 6 6 6 6 6 6 6 6 6 6 32 32 32 32 32 32 32 32 32 32
3637 3637 3637 3637 3637 3637 3637 3637 3637 3637 87 87 87 87 87 87 87 87 87 87 1129 1129 1129 1129 1129 1129 1129 1129 1129 1129 987 987 987 987 987 987 987 987 987 987 798 798 798 798 798 798 798 798 798 798 6 6 6 6 6 6 6 6 6 6 6 6 6 6 6 6 6 6 6 6 6 6 6 6 6 6 6 6 6 6 32 32 32 32 32 32 32 32 32 32
3637 3637 3637 3637 3637 3637 3637 3637 3637 3637 87 87 87 87 87 87 87 87 87 87 1129 1129 1129 1129 1129 1129 1129 1129 1129 1129 987 987 987 987 987 987 987 987 987 987 798 798 798 798 798 798 798 798 798 798 6 6 6 6 6 6 6 6 6 6 6 6 6 6 6 6 6 6 6 6 6 6 6 6 6 6 6 6 6 6 32 32 32 32 32 32 32 32 32 32
3637 3637 3637 3637 3637 3637 3637 3637 3637 3637 87 87 87 87 87 87 87 87 87 87 1129 1129 1129 1129 1129 1129 1129 1129 1129 1129 987 987 987 987 987 987 987 987 987 987 798 798 798 798 798 798 798 798 798 798 6 6 6 6 6 6 6 6 6 6 6 6 6 6 6 6 6 6 6 6 6 6 6 6 6 6 6 6 6 6 32 32 32 32 32 32 32 32 32 32
3637 3637 3637 3637 3637 3637 3637 3637 3637 3637 87 87 87 87 87 87 87 87 87 87 1129 1129 1129 1129 1129 1129 1129 1129 1129 1129 987 987 987 987 987 987 987 987 987 987 798 798 798 798 798 798 798 798 798 798 6 6 6 6 6 6 6 6 6 6 6 6 6 6 6 6 6 6 6 6 6 6 6 6 6 6 6 6 6 6 32 32 32 32 32 32 32 32 32 32
3637 3637 3637 3637 3637 3637 3637 3637 3637 3637 87 87 87 87 87 87 87 87 87 87 1129 1129 1129 1129 1129 1129 1129 1129 1129 1129 987 987 987 987 987 987 987 987 987 987 798 798 798 798 798 798 798 798 798 798 6 6 6 6 6 6 6 6 6 6 6 6 6 6 6 6 6 6 6 6 6 6 6 6 6 6 6 6 6 6 32 32 32 32 32 32 32 32 32 32
3637 3637 3637 3637 3637 3637 3637 3637 3637 3637 87 87 87 87 87 87 87 87 87 87 1129 1129 1129 1129 1129 1129 1129 1129 1129 1129 987 987 987 987 987 987 987 987 987 987 798 798 798 798 798 798 798 798 798 798 6 6 6 6 6 6 6 6 6 6 6 6 6 6 6 6 6 6 6 6 6 6 6 6 6 6 6 6 6 6 32 32 32 32 32 32 32 32 32 32
3637 3637 3637 3637 3637 3637 3637 3637 3637 3637 87 87 87 87 87 87 87 87 87 87 1129 1129 1129 1129 1129 1129 1129 1129 1129 1129 987 987 987 987 987 987 987 987 987 987 798 798 798 798 798 798 798 798 798 798 6 6 6 6 6 6 6 6 6 6 6 6 6 6 6 6 6 6 6 6 6 6 6 6 6 6 6 6 6 6 32 32 32 32 32 32 32 32 32 32
2796 2796 2796 2796 2796 2796 2796 2796 2796 2796 144 144 144 144 144 144 144 144 144 144 681 681 681 681 681 681 681 681 681 681 742 742 742 742 742 742 742 742 742 742 1330 1330 1330 1330 1330 1330 1330 1330 1330 1330 6 6 6 6 6 6 6 6 6 6 6 6 6 6 6 6 6 6 6 6 6 6 6 6 6 6 6 6 6 6 6 6 6 6 6 6 6 6 6 6
2796 2796 2796 2796 2796 2796 2796 2796 2796 2796 144 144 144 144 144 144 144 144 144 144 681 681 681 681 681 681 681 681 681 681 742 742 742 742 742 742 742 742 742 742 1330 1330 1330 1330 1330 1330 1330 1330 1330 1330 6 6 6 6 6 6 6 6 6 6 6 6 6 6 6 6 6 6 6 6 6 6 6 6 6 6 6 6 6 6 6 6 6 6 6 6 6 6 6 6
2796 2796 2796 2796 2796 2796 2796 2796 2796 2796 144 144 144 144 144 144 144 144 144 144 681 681 681 681 681 681 681 681 681 681 742 742 742 742 742 742 742 742 742 742 1330 1330 1330 1330 1330 1330 1330 1330 1330 1330 6 6 6 6 6 6 6 6 6 6 6 6 6 6 6 6 6 6 6 6 6 6 6 6 6 6 6 6 6 6 6 6 6 6 6 6 6 6 6 6
2796 2796 2796 2796 2796 2796 2796 2796 2796 2796 144 144 144 144 144 144 144 144 144 144 681 681 681 681 681 681 681 681 681 681 742 742 742 742 742 742 742 742 742 742 1330 1330 1330 1330 1330 1330 1330 1330 1330 1330 6 6 6 6 6 6 6 6 6 6 6 6 6 6 6 6 6 6 6 6 6 6 6 6 6 6 6 6 6 6 6 6 6 6 6 6 6 6 6 6
2796 2796 2796 2796 2796 2796 2796 2796 2796 2796 144 144 144 144 144 144 144 144 144 144 681 681 681 681 681 681 681 681 681 681 742 742 742 742 742 742 742 742 742 742 1330 1330 1330 1330 1330 1330 1330 1330 1330 1330 6 6 6 6 6 6 6 6 6 6 6 6 6 6 6 6 6 6 6 6 6 6 6 6 6 6 6 6 6 6 6 6 6 6 6 6 6 6 6 6
2796 2796 2796 2796 2796 2796 2796 2796 2796 2796 144 144 144 144 144 144 144 144 144 144 681 681 681 681 681 681 681 681 681 681 742 742 742 742 742 742 742 742 742 742 1330 1330 1330 1330 1330 1330 1330 1330 1330 1330 6 6 6 6 6 6 6 6 6 6 6 6 6 6 6 6 6 6 6 6 6 6 6 6 6 6 6 6 6 6 6 6 6 6 6 6 6 6 6 6
