MyMainGIS/bin/Debug/Data/DLS_Input/highRisk_ecology/sc1gr6.grid
ncols         442
nrows         735
xllcorner     -502080.37185814
yllcorner     2671876.5851211
cellsize      100
NODATA_value  -9999
[rows 403 to 433 of 735, columns 204 to 271 of 442]
991.5732 991.2698 990.9661 990.662 990.3578 990.0533 989.7486 989.4437 989.1385 988.8333 988.5278 988.2221 987.9163 987.6104 987.3042 986.998 986.6917 986.3853 986.0787 985.7721 985.4654 985.1586 984.8518 984.545 984.2382 983.9313 983.6245 983.3176 983.0107 982.7039 982.3971 982.0905 981.7838 981.4772 981.1707 980.8643 980.558 980.2518 979.9458 979.6399 979.3342 979.0286 978.7231 978.4179 978.1129 977.808 977.5034 977.199 976.8949 976.591 976.2874 975.984 975.6809 975.3781 975.0756 974.7734 974.4716 974.17 973.8688 973.568 973.2675 972.9675 972.6677 972.3685 972.0695 971.7711 971.473 971.1754
991.7688 991.465 991.1608 990.8564 990.5518 990.2469 989.9418 989.6365 989.331 989.0253 988.7194 988.4133 988.1071 987.8007 987.4943 987.1876 986.8809 986.574 986.2671 985.9601 985.653 985.3458 985.0386 984.7314 984.4241 984.1168 983.8096 983.5023 983.195 982.8878 982.5806 982.2734 981.9664 981.6594 981.3525 981.0457 980.739 980.4323 980.1259 979.8196 979.5134 979.2073 978.9015 978.5958 978.2903 977.9851 977.6801 977.3752 977.0706 976.7663 976.4622 976.1584 975.8549 975.5516 975.2487 974.946 974.6437 974.3417 974.0401 973.7388 973.4379 973.1373 972.8372 972.5374 972.238 971.939 971.6405 971.3423
991.9653 991.6611 991.3566 991.0518 990.7467 990.4415 990.1359 989.8302 989.5243 989.2182 988.9119 988.6055 988.2988 987.9921 987.6851 987.3781 987.0709 986.7637 986.4564 986.1489 985.8414 985.5339 985.2263 984.9186 984.6109 984.3032 983.9955 983.6878 983.3801 983.0725 982.7649 982.4573 982.1498 981.8424 981.5351 981.2278 980.9207 980.6137 980.3068 980 979.6934 979.387 979.0807 978.7746 978.4687 978.163 977.8575 977.5522 977.2472 976.9424 976.6379 976.3336 976.0296 975.7259 975.4225 975.1194 974.8167 974.5142 974.2121 973.9103 973.6089 973.3079 973.0073 972.707 972.4072 972.1077 971.8087 971.5101
992.1627 991.8581 991.5532 991.2479 990.9425 990.6368 990.3309 990.0248 989.7185 989.412 989.1053 988.7984 988.4914 988.1842 987.8769 987.5695 987.2618 986.9542 986.6465 986.3386 986.0307 985.7227 985.4147 985.1066 984.7985 984.4904 984.1823 983.8742 983.5661 983.2581 982.95 982.6421 982.3341 982.0263 981.7185 981.4108 981.1033 980.7958 980.4885 980.1813 979.8743 979.5674 979.2607 978.9542 978.6478 978.3417 978.0357 977.73 977.4245 977.1193 976.8143 976.5096 976.2051 975.901 975.5972 975.2936 974.9904 974.6875 974.3849 974.0827 973.7808 973.4793 973.1782 972.8775 972.5772 972.2772 971.9778 971.6787
992.3611 992.056 991.7507 991.4451 991.1392 990.8331 990.5268 990.2203 989.9136 989.6066 989.2996 988.9922 988.6848 988.3772 988.0695 987.7617 987.4537 987.1456 986.8374 986.5292 986.2208 985.9125 985.604 985.2955 984.9871 984.6785 984.37 984.0615 983.7529 983.4445 983.136 982.8276 982.5193 982.211 981.9028 981.5947 981.2867 980.9788 980.6711 980.3634 980.0559 979.7487 979.4415 979.1345 978.8277 978.5211 978.2147 977.9086 977.6027 977.297 976.9916 976.6864 976.3815 976.0769 975.7726 975.4686 975.1649 974.8615 974.5585 974.2558 973.9535 973.6515 973.3499 973.0487 972.7479 972.4475 972.1475 971.848
992.5602 992.2548 991.949 991.643 991.3367 991.0303 990.7236 990.4166 990.1095 989.8021 989.4946 989.187 988.8791 988.5711 988.2629 987.9547 987.6463 987.3378 987.0292 986.7206 986.4118 986.103 985.7942 985.4853 985.1764 984.8674 984.5585 984.2495 983.9406 983.6317 983.3228 983.014 982.7052 982.3965 982.0879 981.7794 981.4709 981.1626 980.8544 980.5463 980.2384 979.9307 979.6231 979.3157 979.0084 978.7014 978.3946 978.088 977.7816 977.4755 977.1696 976.864 976.5586 976.2535 975.9488 975.6443 975.3401 975.0363 974.7328 974.4297 974.1269 973.8244 973.5224 973.2207 972.9194 972.6185 972.3181 972.0181
992.7603 992.4543 992.1482 991.8418 991.5352 991.2283 990.9211 990.6138 990.3063 989.9985 989.6906 989.3825 989.0742 988.7658 988.4573 988.1486 987.8398 987.5309 987.2219 986.9128 986.6037 986.2944 985.9852 985.6758 985.3665 985.0571 984.7478 984.4384 984.129 983.8197 983.5104 983.2012 982.892 982.5828 982.2737 981.9648 981.6559 981.3472 981.0386 980.73 980.4217 980.1135 979.8055 979.4976 979.1899 978.8824 978.5752 978.2681 977.9613 977.6547 977.3484 977.0423 976.7365 976.431 976.1257 975.8208 975.5162 975.2119 974.908 974.6043 974.301 973.9981 973.6956 973.3934 973.0917 972.7903 972.4894 972.1888
992.9612 992.6548 992.3483 992.0415 991.7344 991.4271 991.1196 990.8118 990.5038 990.1957 989.8874 989.5789 989.2702 988.9614 988.6524 988.3433 988.0341 987.7248 987.4154 987.1059 986.7963 986.4867 986.1769 985.8672 985.5575 985.2477 984.9379 984.6281 984.3183 984.0085 983.6988 983.3892 983.0795 982.77 982.4604 982.1511 981.8417 981.5325 981.2235 980.9146 980.6058 980.2971 979.9886 979.6804 979.3723 979.0643 978.7566 978.4491 978.1418 977.8347 977.528 977.2214 976.9152 976.6092 976.3035 975.9981 975.693 975.3882 975.0838 974.7797 974.476 974.1725 973.8696 973.5669 973.2646 972.9628 972.6614 972.3604
993.1629 992.8563 992.5493 992.2421 991.9346 991.6268 991.3189 991.0107 990.7023 990.3938 990.085 989.7761 989.467 989.1578 988.8484 988.5389 988.2293 987.9196 987.6097 987.2998 986.9898 986.6797 986.3696 986.0594 985.7492 985.439 985.1288 984.8186 984.5084 984.1982 983.888 983.5779 983.2678 982.9579 982.6479 982.3381 982.0284 981.7188 981.4092 981.0999 980.7906 980.4816 980.1726 979.8639 979.5553 979.2469 978.9388 978.6308 978.3231 978.0156 977.7083 977.4013 977.0946 976.7881 976.482 976.1761 975.8705 975.5653 975.2604 974.9558 974.6516 974.3477 974.0443 973.7411 973.4384 973.136 972.8342 972.5327
993.3655 993.0584 992.751 992.4434 992.1355 991.8274 991.519 991.2104 990.9017 990.5927 990.2835 989.9742 989.6646 989.355 989.0452 988.7353 988.4252 988.1151 987.8048 987.4944 987.1841 986.8736 986.563 986.2524 985.9418 985.6312 985.3205 985.0099 984.6992 984.3886 984.078 983.7675 983.457 983.1465 982.8362 982.5259 982.2158 981.9057 981.5958 981.2859 980.9763 980.6667 980.3574 980.0482 979.7391 979.4303 979.1216 978.8133 978.5051 978.1971 977.8894 977.582 977.2748 976.9678 976.6612 976.3549 976.0488 975.7432 975.4377 975.1327 974.828 974.5236 974.2197 973.9161 973.6129 973.31 973.0076 972.7056
993.569 993.2615 992.9537 992.6456 992.3373 992.0287 991.72 991.411 991.1017 990.7924 990.4828 990.173 989.8631 989.553 989.2428 988.9325 988.622 988.3114 988.0007 987.69 987.3792 987.0682 986.7573 986.4462 986.1352 985.8242 985.5131 985.202 984.8909 984.5798 984.2688 983.9578 983.6469 983.3361 983.0253 982.7145 982.4039 982.0934 981.783 981.4728 981.1627 980.8527 980.5428 980.2332 979.9237 979.6144 979.3054 978.9965 978.6879 978.3794 978.0712 977.7633 977.4557 977.1483 976.8412 976.5344 976.2278 975.9217 975.6158 975.3103 975.0051 974.7003 974.3958 974.0917 973.788 973.4847 973.1818 972.8793
993.7733 993.4653 993.1571 992.8486 992.5399 992.231 991.9218 991.6123 991.3027 990.9929 990.6829 990.3727 990.0624 989.7519 989.4413 989.1305 988.8196 988.5086 988.1975 987.8863 987.575 987.2637 986.9523 986.6409 986.3293 986.0179 985.7064 985.3948 985.0833 984.7719 984.4604 984.149 983.8376 983.5263 983.2151 982.9039 982.5928 982.2819 981.9711 981.6603 981.3498 981.0394 980.7291 980.4189 980.1091 979.7993 979.4897 979.1804 978.8713 978.5624 978.2538 977.9454 977.6373 977.3295 977.0219 976.7146 976.4077 976.101 975.7946 975.4886 975.1829 974.8777 974.5727 974.2681 973.9639 973.6601 973.3567 973.0537
993.9783 993.67 993.3613 993.0525 992.7433 992.434 992.1243 991.8145 991.5045 991.1942 990.8838 990.5732 990.2625 989.9515 989.6404 989.3293 989.0179 988.7065 988.395 988.0834 987.7717 987.4599 987.1481 986.8362 986.5243 986.2124 985.9005 985.5885 985.2766 984.9646 984.6527 984.3409 984.0291 983.7173 983.4056 983.0941 982.7825 982.4712 982.1599 981.8487 981.5377 981.2268 980.9161 980.6055 980.2951 979.9849 979.6749 979.3652 979.0556 978.7462 978.4371 978.1283 977.8197 977.5114 977.2033 976.8956 976.5881 976.281 975.9742 975.6677 975.3615 975.0557 974.7503 974.4452 974.1405 973.8362 973.5323 973.2288
994.1843 993.8755 993.5665 993.2571 992.9476 992.6378 992.3277 992.0175 991.707 991.3964 991.0855 990.7745 990.4633 990.152 989.8405 989.5289 989.2171 988.9053 988.5933 988.2813 987.9691 987.6569 987.3447 987.0323 986.72 986.4077 986.0953 985.7829 985.4705 985.1581 984.8458 984.5335 984.2213 983.9091 983.597 983.2849 982.973 982.6611 982.3494 982.0378 981.7263 981.415 981.1038 980.7928 980.4819 980.1713 979.8608 979.5506 979.2405 978.9308 978.6212 978.3119 978.0028 977.694 977.3855 977.0773 976.7693 976.4617 976.1544 975.8474 975.5408 975.2345 974.9286 974.623 974.3178 974.0131 973.7086 973.4046
994.391 994.0818 993.7723 993.4626 993.1526 992.8423 992.5319 992.2213 991.9103 991.5992 991.288 990.9766 990.6649 990.3531 990.0413 989.7292 989.4171 989.1047 988.7924 988.4799 988.1674 987.8547 987.542 987.2292 986.9165 986.6037 986.2909 985.9781 985.6653 985.3524 985.0397 984.7269 984.4142 984.1016 983.7891 983.4766 983.1642 982.8519 982.5397 982.2276 981.9157 981.6039 981.2923 980.9808 980.6695 980.3584 980.0475 979.7368 979.4263 979.116 978.8059 978.4962 978.1866 977.8773 977.5684 977.2596 976.9512 976.6431 976.3353 976.0279 975.7208 975.414 975.1075 974.8015 974.4958 974.1905 973.8856 973.5811
994.5984 994.2889 993.9789 993.6688 993.3584 993.0477 992.7369 992.4258 992.1144 991.803 991.4913 991.1794 990.8673 990.5551 990.2428 989.9303 989.6177 989.305 988.9922 988.6793 988.3663 988.0532 987.7401 987.4269 987.1138 986.8005 986.4872 986.174 985.8607 985.5475 985.2343 984.9211 984.608 984.2949 983.9819 983.6689 983.3561 983.0433 982.7307 982.4182 982.1058 981.7936 981.4814 981.1696 980.8578 980.5462 980.2348 979.9236 979.6127 979.3019 978.9914 978.6812 978.3712 978.0614 977.752 977.4427 977.1339 976.8253 976.517 976.209 975.9014 975.5941 975.2872 974.9807 974.6745 974.3687 974.0633 973.7583
994.8068 994.4967 994.1864 993.8759 993.565 993.2539 992.9426 992.6311 992.3193 992.0074 991.6953 991.383 991.0705 990.7579 990.4451 990.1322 989.8192 989.506 989.1928 988.8795 988.566 988.2525 987.939 987.6254 987.3117 986.998 986.6843 986.3707 986.0569 985.7433 985.4296 985.116 984.8024 984.4888 984.1754 983.862 983.5487 983.2355 982.9224 982.6095 982.2966 981.9839 981.6714 981.3589 981.0468 980.7347 980.4229 980.1112 979.7997 979.4885 979.1776 978.8668 978.5564 978.2462 977.9362 977.6265 977.3171 977.0081 976.6993 976.3909 976.0828 975.775 975.4676 975.1605 974.8539 974.5475 974.2417 973.9362
995.0159 994.7054 994.3947 994.0836 993.7723 993.4609 993.1491 992.8372 992.525 992.2126 991.9001 991.5873 991.2744 990.9614 990.6482 990.3348 990.0214 989.7078 989.3941 989.0803 988.7665 988.4525 988.1385 987.8245 987.5104 987.1963 986.8822 986.5681 986.2539 985.9398 985.6257 985.3116 984.9976 984.6836 984.3697 984.0558 983.7421 983.4284 983.1149 982.8015 982.4882 982.175 981.862 981.5491 981.2365 980.924 980.6116 980.2995 979.9876 979.6759 979.3644 979.0532 978.7422 978.4316 978.1212 977.811 977.5011 977.1916 976.8823 976.5734 976.2648 975.9565 975.6486 975.3411 975.0339 974.7271 974.4207 974.1147
995.2257 994.9148 994.6036 994.2922 993.9805 993.6686 993.3564 993.044 992.7314 992.4186 992.1057 991.7924 991.4791 991.1656 990.852 990.5382 990.2244 989.9103 989.5962 989.282 988.9677 988.6533 988.3389 988.0244 987.7098 987.3953 987.0807 986.7662 986.4515 986.137 985.8224 985.5079 985.1934 984.879 984.5646 984.2504 983.9362 983.6221 983.308 982.9941 982.6804 982.3668 982.0533 981.74 981.4268 981.1138 980.801 980.4885 980.1761 979.864 979.552 979.2403 978.9289 978.6177 978.3068 977.9962 977.6858 977.3757 977.066 976.7566 976.4475 976.1387 975.8303 975.5223 975.2146 974.9073 974.6003 974.2938
995.4363 995.1249 994.8134 994.5015 994.1893 993.877 993.5644 993.2516 992.9385 992.6254 992.3119 991.9983 991.6845 991.3706 991.0565 990.7423 990.428 990.1135 989.799 989.4843 989.1696 988.8548 988.5399 988.225 987.91 987.595 987.28 986.965 986.6499 986.3349 986.0199 985.705 985.39 985.0751 984.7603 984.4456 984.1309 983.8163 983.5019 983.1876 982.8734 982.5592 982.2453 981.9315 981.6179 981.3044 980.9912 980.6781 980.3653 980.0526 979.7402 979.428 979.1161 978.8044 978.493 978.1819 977.8711 977.5605 977.2503 976.9404 976.6309 976.3215 976.0126 975.7041 975.3959 975.0881 974.7807 974.4736
995.6476 995.3359 995.0239 994.7115 994.399 994.0862 993.7731 993.4599 993.1464 992.8328 992.5189 992.2049 991.8907 991.5764 991.2618 990.9472 990.6324 990.3175 990.0025 989.6874 989.3723 989.057 988.7416 988.4263 988.1109 987.7955 987.48 987.1645 986.849 986.5336 986.2181 985.9026 985.5873 985.272 984.9567 984.6415 984.3264 984.0114 983.6964 983.3817 983.067 982.7524 982.438 982.1237 981.8096 981.4957 981.182 980.8685 980.5551 980.242 979.9291 979.6165 979.3041 978.9919 978.6801 978.3684 978.0571 977.7461 977.4354 977.1249 976.8149 976.5051 976.1957 975.8866 975.5779 975.2696 974.9617 974.6541
995.8597 995.5475 995.235 994.9223 994.6093 994.2961 993.9826 993.6689 993.355 993.041 992.7267 992.4122 992.0976 991.7828 991.4678 991.1527 990.8375 990.5222 990.2067 989.8912 989.5756 989.2599 988.9442 988.6283 988.3125 987.9966 987.6807 987.3647 987.0488 986.7328 986.417 986.1011 985.7853 985.4695 985.1537 984.8381 984.5225 984.207 983.8917 983.5764 983.2612 982.9462 982.6313 982.3167 982.0021 981.6877 981.3735 981.0595 980.7457 980.4321 980.1187 979.8056 979.4927 979.1801 978.8677 978.5555 978.2438 977.9322 977.621 977.3101 976.9995 976.6892 976.3793 976.0698 975.7606 975.4517 975.1432 974.8352
996.0725 995.7599 995.447 995.1338 994.8204 994.5067 994.1929 993.8787 993.5644 993.2498 992.9351 992.6202 992.3051 991.9899 991.6745 991.359 991.0433 990.7275 990.4117 990.0957 989.7796 989.4635 989.1473 988.8311 988.5147 988.1984 987.882 987.5657 987.2493 986.9329 986.6165 986.3002 985.9839 985.6677 985.3515 985.0353 984.7194 984.4034 984.0875 983.7718 983.4562 983.1407 982.8254 982.5102 982.1951 981.8803 981.5656 981.2511 980.9368 980.6227 980.3089 979.9953 979.6819 979.3688 979.0559 978.7433 978.431 978.119 977.8073 977.4959 977.1848 976.874 976.5636 976.2535 975.9438 975.6345 975.3255 975.0169
996.2861 995.973 995.6596 995.346 995.0322 994.7181 994.4037 994.0892 993.7744 993.4595 993.1443 992.8289 992.5134 992.1978 991.8819 991.5659 991.2499 990.9337 990.6173 990.3009 989.9844 989.6678 989.3511 989.0344 988.7177 988.4009 988.0841 987.7673 987.4504 987.1336 986.8168 986.5 986.1832 985.8665 985.5499 985.2333 984.9168 984.6004 984.2841 983.9679 983.6519 983.3359 983.0201 982.7044 982.3889 982.0735 981.7584 981.4434 981.1287 980.8141 980.4998 980.1857 979.8718 979.5582 979.2448 978.9318 978.619 978.3064 977.9942 977.6823 977.3707 977.0594 976.7485 976.4379 976.1277 975.8179 975.5084 975.1993
996.5002 996.1868 995.873 995.559 995.2447 994.9301 994.6154 994.3004 993.9851 993.6697 993.3541 993.0384 992.7224 992.4063 992.09 991.7736 991.457 991.1404 990.8236 990.5068 990.1898 989.8727 989.5557 989.2385 988.9213 988.6041 988.2868 987.9695 987.6522 987.335 987.0176 986.7004 986.3832 986.0661 985.749 985.4319 985.115 984.7981 984.4813 984.1646 983.8481 983.5317 983.2153 982.8992 982.5833 982.2675 981.9518 981.6364 981.3211 981.0061 980.6913 980.3766 980.0623 979.7482 979.4344 979.1208 978.8075 978.4944 978.1818 977.8693 977.5573 977.2455 976.934 976.6229 976.3123 976.0018 975.6918 975.3822
996.7152 996.4012 996.087 995.7726 995.4578 995.1429 994.8276 994.5122 994.1965 993.8807 993.5646 993.2484 992.932 992.6155 992.2988 991.9819 991.6649 991.3478 991.0306 990.7133 990.3959 990.0784 989.7609 989.4432 989.1255 988.8079 988.4902 988.1724 987.8547 987.5369 987.2192 986.9016 986.5839 986.2662 985.9487 985.6312 985.3137 984.9964 984.6791 984.362 984.045 983.7281 983.4114 983.0947 982.7783 982.462 982.1459 981.83 981.5142 981.1987 980.8834 980.5683 980.2535 979.9388 979.6245 979.3104 978.9966 978.6832 978.3699 978.057 977.7444 977.4321 977.1202 976.8086 976.4973 976.1864 975.8759 975.5658
996.9308 996.6165 996.3018 995.9869 995.6717 995.3563 995.0406 994.7247 994.4087 994.0923 993.7759 993.4592 993.1423 992.8254 992.5082 992.1909 991.8735 991.5559 991.2383 990.9205 990.6027 990.2847 989.9667 989.6487 989.3306 989.0124 988.6942 988.376 988.0578 987.7396 987.4214 987.1033 986.7852 986.467 986.149 985.8311 985.5132 985.1954 984.8776 984.5601 984.2426 983.9252 983.608 983.2909 982.9739 982.6572 982.3406 982.0242 981.7079 981.392 981.0761 980.7606 980.4453 980.1301 979.8153 979.5007 979.1864 978.8724 978.5587 978.2453 977.9322 977.6194 977.3069 976.9948 976.683 976.3716 976.0606 975.7499
997.1471 996.8323 996.5172 996.2018 995.8862 995.5704 995.2543 994.9379 994.6214 994.3047 993.9878 993.6706 993.3533 993.0359 992.7183 992.4006 992.0826 991.7646 991.4465 991.1284 990.8101 990.4916 990.1732 989.8547 989.5361 989.2175 988.8989 988.5802 988.2615 987.9429 987.6243 987.3057 986.9871 986.6685 986.35 986.0316 985.7132 985.395 985.0768 984.7587 984.4407 984.1229 983.8052 983.4876 983.1702 982.8529 982.5358 982.219 981.9023 981.5858 981.2695 980.9534 980.6376 980.322 980.0067 979.6916 979.3768 979.0623 978.748 978.4341 978.1205 977.8072 977.4943 977.1816 976.8693 976.5574 976.2458 975.9346
997.3641 997.0488 996.7333 996.4175 996.1014 995.7852 995.4686 995.1518 994.8348 994.5176 994.2003 993.8827 993.565 993.2471 992.929 992.6108 992.2925 991.9741 991.6555 991.3368 991.0181 990.6993 990.3803 990.0613 989.7424 989.4233 989.1042 988.7851 988.466 988.1469 987.8278 987.5087 987.1896 986.8706 986.5516 986.2327 985.9139 985.5952 985.2765 984.9579 984.6395 984.3212 984.003 983.6849 983.3671 983.0493 982.7318 982.4144 982.0972 981.7802 981.4634 981.1469 980.8306 980.5145 980.1987 979.8831 979.5677 979.2527 978.938 978.6236 978.3094 977.9957 977.6822 977.369 977.0562 976.7438 976.4317 976.1199
997.5817 997.2661 996.95 996.6338 996.3173 996.0005 995.6835 995.3663 995.0489 994.7313 994.4135 994.0955 993.7773 993.4589 993.1404 992.8218 992.503 992.1841 991.8651 991.546 991.2267 990.9075 990.5881 990.2687 989.9492 989.6297 989.3101 988.9905 988.671 988.3514 988.0318 987.7123 987.3928 987.0733 986.7538 986.4345 986.1152 985.796 985.4769 985.1578 984.8389 984.5201 984.2014 983.8829 983.5645 983.2463 982.9283 982.6104 982.2927 981.9752 981.658 981.3409 981.0242 980.7075 980.3912 980.0751 979.7593 979.4438 979.1286 978.8136 978.499 978.1847 977.8707 977.557 977.2437 976.9307 976.6181 976.3058
997.8 997.4838 997.1674 996.8507 996.5338 996.2166 995.8992 995.5815 995.2636 994.9456 994.6273 994.3088 993.9902 993.6714 993.3524 993.0333 992.7141 992.3947 992.0753 991.7557 991.436 991.1163 990.7964 990.4766 990.1567 989.8367 989.5167 989.1967 988.8766 988.5566 988.2366 987.9165 987.5966 987.2766 986.9567 986.6368 986.3171 985.9974 985.6778 985.3583 985.0389 984.7196 984.4005 984.0814 983.7626 983.4439 983.1254 982.807 982.4888 982.1709 981.8531 981.5356 981.2183 980.9012 980.5844 980.2678 979.9515 979.6354 979.3197 979.0042 978.6891 978.3743 978.0597 977.7455 977.4317 977.1182 976.8051 976.4923
