MyMainGIS/bin/Debug/Data/DLS_Input/highRisk_ecology/sc1gr7.grid
ncols         442
nrows         735
xllcorner     -502080.37185814
yllcorner     2671876.5851211
cellsize      100
NODATA_value  -9999
[rows 280 to 319 of 735, columns 90 to 179 of 442]
62 62 62 62 62 62 62 62 62 62 61 61 61 61 61 61 61 61 61 61 69 69 69 69 69 69 69 69 69 69 324 324 324 324 324 324 324 324 324 324 1315 1315 1315 1315 1315 1315 1315 1315 1315 1315 253 253 253 253 253 253 253 253 253 253 1001 1001 1001 1001 1001 1001 1001 1001 1001 1001 1176 1176 1176 1176 1176 1176 1176 1176 1176 1176 1028 1028 1028 1028 1028 1028 1028 1028 1028 1028
62 62 62 62 62 62 62 62 62 62 61 61 61 61 61 61 61 61 61 61 69 69 69 69 69 69 69 69 69 69 324 324 324 324 324 324 324 324 324 324 1315 1315 1315 1315 1315 1315 1315 1315 1315 1315 253 253 253 253 253 253 253 253 253 253 1001 1001 1001 1001 1001 1001 1001 1001 1001 1001 1176 1176 1176 1176 1176 1176 1176 1176 1176 1176 1028 1028 1028 1028 1028 1028 1028 1028 1028 1028
62 62 62 62 62 62 62 62 62 62 61 61 61 61 61 61 61 61 61 61 69 69 69 69 69 69 69 69 69 69 324 324 324 324 324 324 324 324 324 324 1315 1315 1315 1315 1315 1315 1315 1315 1315 1315 253 253 253 253 253 253 253 253 253 253 1001 1001 1001 1001 1001 1001 1001 1001 1001 1001 1176 1176 1176 1176 1176 1176 1176 1176 1176 1176 1028 1028 1028 1028 1028 1028 1028 1028 1028 1028
62 62 62 62 62 62 62 62 62 62 61 61 61 61 61 61 61 61 61 61 69 69 69 69 69 69 69 69 69 69 324 324 324 324 324 324 324 324 324 324 1315 1315 1315 1315 1315 1315 1315 1315 1315 1315 253 253 253 253 253 253 253 253 253 253 1001 1001 1001 1001 1001 1001 1001 1001 1001 1001 1176 1176 1176 1176 1176 1176 1176 1176 1176 1176 1028 1028 1028 1028 1028 1028 1028 1028 1028 1028
77 77 77 77 77 77 77 77 77 77 84 84 84 84 84 84 84 84 84 84 42 42 42 42 42 42 42 42 42 42 328 328 328 328 328 328 328 328 328 328 1350 1350 1350 1350 1350 1350 1350 1350 1350 1350 1278 1278 1278 1278 1278 1278 1278 1278 1278 1278 376 376 376 376 376 376 376 376 376 376 3346 3346 3346 3346 3346 3346 3346 3346 3346 3346 261 261 261 261 261 261 261 261 261 261
77 77 77 77 77 77 77 77 77 77 84 84 84 84 84 84 84 84 84 84 42 42 42 42 42 42 42 42 42 42 328 328 328 328 328 328 328 328 328 328 1350 1350 1350 1350 1350 1350 1350 1350 1350 1350 1278 1278 1278 1278 1278 1278 1278 1278 1278 1278 376 376 376 376 376 376 376 376 376 376 3346 3346 3346 3346 3346 3346 3346 3346 3346 3346 261 261 261 261 261 261 261 261 261 261
77 77 77 77 77 77 77 77 77 77 84 84 84 84 84 84 84 84 84 84 42 42 42 42 42 42 42 42 42 42 328 328 328 328 328 328 328 328 328 328 1350 1350 1350 1350 1350 1350 1350 1350 1350 1350 1278 1278 1278 1278 1278 1278 1278 1278 1278 1278 376 376 376 376 376 376 376 376 376 376 3346 3346 3346 3346 3346 3346 3346 3346 3346 3346 261 261 261 261 261 261 261 261 261 261
77 77 77 77 77 77 77 77 77 77 84 84 84 84 84 84 84 84 84 84 42 42 42 42 42 42 42 42 42 42 328 328 328 328 328 328 328 328 328 328 1350 1350 1350 1350 1350 1350 1350 1350 1350 1350 1278 1278 1278 1278 1278 1278 1278 1278 1278 1278 376 376 376 376 376 376 376 376 376 376 3346 3346 3346 3346 3346 3346 3346 3346 3346 3346 261 261 261 261 261 261 261 261 261 261
77 77 77 77 77 77 77 77 77 77 84 84 84 84 84 84 84 84 84 84 42 42 42 42 42 42 42 42 42 42 328 328 328 328 328 328 328 328 328 328 1350 1350 1350 1350 1350 1350 1350 1350 1350 1350 1278 1278 1278 1278 1278 1278 1278 1278 1278 1278 376 376 376 376 376 376 376 376 376 376 3346 3346 3346 3346 3346 3346 3346 3346 3346 3346 261 261 261 261 261 261 261 261 261 261
77 77 77 77 77 77 77 77 77 77 84 84 84 84 84 84 84 84 84 84 42 42 42 42 42 42 42 42 42 42 328 328 328 328 328 328 328 328 328 328 1350 1350 1350 1350 1350 1350 1350 1350 1350 1350 1278 1278 1278 1278 1278 1278 1278 1278 1278 1278 376 376 376 376 376 376 376 376 376 376 3346 3346 3346 3346 3346 3346 3346 3346 3346 3346 261 261 261 261 261 261 261 261 261 261
77 77 77 77 77 77 77 77 77 77 84 84 84 84 84 84 84 84 84 84 42 42 42 42 42 42 42 42 42 42 328 328 328 328 328 328 328 328 328 328 1350 1350 1350 1350 1350 1350 1350 1350 1350 1350 1278 1278 1278 1278 1278 1278 1278 1278 1278 1278 376 376 376 376 376 376 376 376 376 376 3346 3346 3346 3346 3346 3346 3346 3346 3346 3346 261 261 261 261 261 261 261 261 261 261
77 77 77 77 77 77 77 77 77 77 84 84 84 84 84 84 84 84 84 84 42 42 42 42 42 42 42 42 42 42 328 328 328 328 328 328 328 328 328 328 1350 1350 1350 1350 1350 1350 1350 1350 1350 1350 1278 1278 1278 1278 1278 1278 1278 1278 1278 1278 376 376 376 376 376 376 376 376 376 376 3346 3346 3346 3346 3346 3346 3346 3346 3346 3346 261 261 261 261 261 261 261 261 261 261
77 77 77 77 77 77 77 77 77 77 84 84 84 84 84 84 84 84 84 84 42 42 42 42 42 42 42 42 42 42 328 328 328 328 328 328 328 328 328 328 1350 1350 1350 1350 1350 1350 1350 1350 1350 1350 1278 1278 1278 1278 1278 1278 1278 1278 1278 1278 376 376 376 376 376 376 376 376 376 376 3346 3346 3346 3346 3346 3346 3346 3346 3346 3346 261 261 261 261 261 261 261 261 261 261
77 77 77 77 77 77 77 77 77 77 84 84 84 84 84 84 84 84 84 84 42 42 42 42 42 42 42 42 42 42 328 328 328 328 328 328 328 328 328 328 1350 1350 1350 1350 1350 1350 1350 1350 1350 1350 1278 1278 1278 1278 1278 1278 1278 1278 1278 1278 376 376 376 376 376 376 376 376 376 376 3346 3346 3346 3346 3346 3346 3346 3346 3346 3346 261 261 261 261 261 261 261 261 261 261
5 5 5 5 5 5 5 5 5 5 5 5 5 5 5 5 5 5 5 5 5 5 5 5 5 5 5 5 5 5 29 29 29 29 29 29 29 29 29 29 1294 1294 1294 1294 1294 1294 1294 1294 1294 1294 685 685 685 685 685 685 685 685 685 685 434 434 434 434 434 434 434 434 434 434 1939 1939 1939 1939 1939 1939 1939 1939 1939 1939 6 6 6 6 6 6 6 6 6 6
5 5 5 5 5 5 5 5 5 5 5 5 5 5 5 5 5 5 5 5 5 5 5 5 5 5 5 5 5 5 29 29 29 29 29 29 29 29 29 29 1294 1294 1294 1294 1294 1294 1294 1294 1294 1294 685 685 685 685 685 685 685 685 685 685 434 434 434 434 434 434 434 434 434 434 1939 1939 1939 1939 1939 1939 1939 1939 1939 1939 6 6 6 6 6 6 6 6 6 6
5 5 5 5 5 5 5 5 5 5 5 5 5 5 5 5 5 5 5 5 5 5 5 5 5 5 5 5 5 5 29 29 29 29 29 29 29 29 29 29 1294 1294 1294 1294 1294 1294 1294 1294 1294 1294 685 685 685 685 685 685 685 685 685 685 434 434 434 434 434 434 434 434 434 434 1939 1939 1939 1939 1939 1939 1939 1939 1939 1939 6 6 6 6 6 6 6 6 6 6
5 5 5 5 5 5 5 5 5 5 5 5 5 5 5 5 5 5 5 5 5 5 5 5 5 5 5 5 5 5 29 29 29 29 29 29 29 29 29 29 1294 1294 1294 1294 1294 1294 1294 1294 1294 1294 685 685 685 685 685 685 685 685 685 685 434 434 434 434 434 434 434 434 434 434 1939 1939 1939 1939 1939 1939 1939 1939 1939 1939 6 6 6 6 6 6 6 6 6 6
5 5 5 5 5 5 5 5 5 5 5 5 5 5 5 5 5 5 5 5 5 5 5 5 5 5 5 5 5 5 29 29 29 29 29 29 29 29 29 29 1294 1294 1294 1294 1294 1294 1294 1294 1294 1294 685 685 685 685 685 685 685 685 685 685 434 434 434 434 434 434 434 434 434 434 1939 1939 1939 1939 1939 1939 1939 1939 1939 1939 6 6 6 6 6 6 6 6 6 6
5 5 5 5 5 5 5 5 5 5 5 5 5 5 5 5 5 5 5 5 5 5 5 5 5 5 5 5 5 5 29 29 29 29 29 29 29 29 29 29 1294 1294 1294 1294 1294 1294 1294 1294 1294 1294 685 685 685 685 685 685 685 685 685 685 434 434 434 434 434 434 434 434 434 434 1939 1939 1939 1939 1939 1939 1939 1939 1939 1939 6 6 6 6 6 6 6 6 6 6
5 5 5 5 5 5 5 5 5 5 5 5 5 5 5 5 5 5 5 5 5 5 5 5 5 5 5 5 5 5 29 29 29 29 29 29 29 29 29 29 1294 1294 1294 1294 1294 1294 1294 1294 1294 1294 685 685 685 685 685 685 685 685 685 685 434 434 434 434 434 434 434 434 434 434 1939 1939 1939 1939 1939 1939 1939 1939 1939 1939 6 6 6 6 6 6 6 6 6 6
5 5 5 5 5 5 5 5 5 5 5 5 5 5 5 5 5 5 5 5 5 5 5 5 5 5 5 5 5 5 29 29 29 29 29 29 29 29 29 29 1294 1294 1294 1294 1294 1294 1294 1294 1294 1294 685 685 685 685 685 685 685 685 685 685 434 434 434 434 434 434 434 434 434 434 1939 1939 1939 1939 1939 1939 1939 1939 1939 1939 6 6 6 6 6 6 6 6 6 6
5 5 5 5 5 5 5 5 5 5 5 5 5 5 5 5 5 5 5 5 5 5 5 5 5 5 5 5 5 5 29 29 29 29 29 29 29 29 29 29 1294 1294 1294 1294 1294 1294 1294 1294 1294 1294 685 685 685 685 685 685 685 685 685 685 434 434 434 434 434 434 434 434 434 434 1939 1939 1939 1939 1939 1939 1939 1939 1939 1939 6 6 6 6 6 6 6 6 6 6
5 5 5 5 5 5 5 5 5 5 5 5 5 5 5 5 5 5 5 5 5 5 5 5 5 5 5 5 5 5 29 29 29 29 29 29 29 29 29 29 1294 1294 1294 1294 1294 1294 1294 1294 1294 1294 685 685 685 685 685 685 685 685 685 685 434 434 434 434 434 434 434 434 434 434 1939 1939 1939 1939 1939 1939 1939 1939 1939 1939 6 6 6 6 6 6 6 6 6 6
5 5 5 5 5 5 5 5 5 5 5 5 5 5 5 5 5 5 5 5 6 6 6 6 6 6 6 6 6 6 43 43 43 43 43 43 43 43 43 43 92 92 92 92 92 92 92 92 92 92 2562 2562 2562 2562 2562 2562 2562 2562 2562 2562 242 242 242 242 242 242 242 242 242 242 1467 1467 1467 1467 1467 1467 1467 1467 1467 1467 6 6 6 6 6 6 6 6 6 6
5 5 5 5 5 5 5 5 5 5 5 5 5 5 5 5 5 5 5 5 6 6 6 6 6 6 6 6 6 6 43 43 43 43 43 43 43 43 43 43 92 92 92 92 92 92 92 92 92 92 2562 2562 2562 2562 2562 2562 2562 2562 2562 2562 242 242 242 242 242 242 242 242 242 242 1467 1467 1467 1467 1467 1467 1467 1467 1467 1467 6 6 6 6 6 6 6 6 6 6
5 5 5 5 5 5 5 5 5 5 5 5 5 5 5 5 5 5 5 5 6 6 6 6 6 6 6 6 6 6 43 43 43 43 43 43 43 43 43 43 92 92 92 92 92 92 92 92 92 92 2562 2562 2562 2562 2562 2562 2562 2562 2562 2562 242 242 242 242 242 242 242 242 242 242 1467 1467 1467 1467 1467 1467 1467 1467 1467 1467 6 6 6 6 6 6 6 6 6 6
5 5 5 5 5 5 5 5 5 5 5 5 5 5 5 5 5 5 5 5 6 6 6 6 6 6 6 6 6 6 43 43 43 43 43 43 43 43 43 43 92 92 92 92 92 92 92 92 92 92 2562 2562 2562 2562 2562 2562 2562 2562 2562 2562 242 242 242 242 242 242 242 242 242 242 1467 1467 1467 1467 1467 1467 1467 1467 1467 1467 6 6 6 6 6 6 6 6 6 6
5 5 5 5 5 5 5 5 5 5 5 5 5 5 5 5 5 5 5 5 6 6 6 6 6 6 6 6 6 6 43 43 43 43 43 43 43 43 43 43 92 92 92 92 92 92 92 92 92 92 2562 2562 2562 2562 2562 2562 2562 2562 2562 2562 242 242 242 242 242 242 242 242 242 242 1467 1467 1467 1467 1467 1467 1467 1467 1467 1467 6 6 6 6 6 6 6 6 6 6
5 5 5 5 5 5 5 5 5 5 5 5 5 5 5 5 5 5 5 5 6 6 6 6 6 6 6 6 6 6 43 43 43 43 43 43 43 43 43 43 92 92 92 92 92 92 92 92 92 92 2562 2562 2562 2562 2562 2562 2562 2562 2562 2562 242 242 242 242 242 242 242 242 242 242 1467 1467 1467 1467 1467 1467 1467 1467 1467 1467 6 6 6 6 6 6 6 6 6 6
5 5 5 5 5 5 5 5 5 5 5 5 5 5 5 5 5 5 5 5 6 6 6 6 6 6 6 6 6 6 43 43 43 43 43 43 43 43 43 43 92 92 92 92 92 92 92 92 92 92 2562 2562 2562 2562 2562 2562 2562 2562 2562 2562 242 242 242 242 242 242 242 242 242 242 1467 1467 1467 1467 1467 1467 1467 1467 1467 1467 6 6 6 6 6 6 6 6 6 6
5 5 5 5 5 5 5 5 5 5 5 5 5 5 5 5 5 5 5 5 6 6 6 6 6 6 6 6 6 6 43 43 43 43 43 43 43 43 43 43 92 92 92 92 92 92 92 92 92 92 2562 2562 2562 2562 2562 2562 2562 2562 2562 2562 242 242 242 242 242 242 242 242 242 242 1467 1467 1467 1467 1467 1467 1467 1467 1467 1467 6 6 6 6 6 6 6 6 6 6
5 5 5 5 5 5 5 5 5 5 5 5 5 5 5 5 5 5 5 5 6 6 6 6 6 6 6 6 6 6 43 43 43 43 43 43 43 43 43 43 92 92 92 92 92 92 92 92 92 92 2562 2562 2562 2562 2562 2562 2562 2562 2562 2562 242 242 242 242 242 242 242 242 242 242 1467 1467 1467 1467 1467 1467 1467 1467 1467 1467 6 6 6 6 6 6 6 6 6 6
5 5 5 5 5 5 5 5 5 5 5 5 5 5 5 5 5 5 5 5 6 6 6 6 6 6 6 6 6 6 43 43 43 43 43 43 43 43 43 43 92 92 92 92 92 92 92 92 92 92 2562 2562 2562 2562 2562 2562 2562 2562 2562 2562 242 242 242 242 242 242 242 242 242 242 1467 1467 1467 1467 1467 1467 1467 1467 1467 1467 6 6 6 6 6 6 6 6 6 6
5 5 5 5 5 5 5 5 5 5 20 20 20 20 20 20 20 20 20 20 46 46 46 46 46 46 46 46 46 46 48 48 48 48 48 48 48 48 48 48 1066 1066 1066 1066 1066 1066 1066 1066 1066 1066 556 556 556 556 556 556 556 556 556 556 1467 1467 1467 1467 1467 1467 1467 1467 1467 1467 797 797 797 797 797 797 797 797 797 797 6 6 6 6 6 6 6 6 6 6
5 5 5 5 5 5 5 5 5 5 20 20 20 20 20 20 20 20 20 20 46 46 46 46 46 46 46 46 46 46 48 48 48 48 48 48 48 48 48 48 1066 1066 1066 1066 1066 1066 1066 1066 1066 1066 556 556 556 556 556 556 556 556 556 556 1467 1467 1467 1467 1467 1467 1467 1467 1467 1467 797 797 797 797 797 797 797 797 797 797 6 6 6 6 6 6 6 6 6 6
5 5 5 5 5 5 5 5 5 5 20 20 20 20 20 20 20 20 20 20 46 46 46 46 46 46 46 46 46 46 48 48 48 48 48 48 48 48 48 48 1066 1066 1066 1066 1066 1066 1066 1066 1066 1066 556 556 556 556 556 556 556 556 556 556 1467 1467 1467 1467 1467 1467 1467 1467 1467 1467 797 797 797 797 797 797 797 797 797 797 6 6 6 6 6 6 6 6 6 6
5 5 5 5 5 5 5 5 5 5 20 20 20 20 20 20 20 20 20 20 46 46 46 46 46 46 46 46 46 46 48 48 48 48 48 48 48 48 48 48 1066 1066 1066 1066 1066 1066 1066 1066 1066 1066 556 556 556 556 556 556 556 556 556 556 1467 1467 1467 1467 1467 1467 1467 1467 1467 1467 797 797 797 797 797 797 797 797 797 797 6 6 6 6 6 6 6 6 6 6
5 5 5 5 5 5 5 5 5 5 20 20 20 20 20 20 20 20 20 20 46 46 46 46 46 46 46 46 46 46 48 48 48 48 48 48 48 48 48 48 1066 1066 1066 1066 1066 1066 1066 1066 1066 1066 556 556 556 556 556 556 556 556 556 556 1467 1467 1467 1467 1467 1467 1467 1467 1467 1467 797 797 797 797 797 797 797 797 797 797 6 6 6 6 6 6 6 6 6 6
5 5 5 5 5 5 5 5 5 5 20 20 20 20 20 20 20 20 20 20 46 46 46 46 46 46 46 46 46 46 48 48 48 48 48 48 48 48 48 48 1066 1066 1066 1066 1066 1066 1066 1066 1066 1066 556 556 556 556 556 556 556 556 556 556 1467 1467 1467 1467 1467 1467 1467 1467 1467 1467 797 797 797 797 797 797 797 797 797 797 6 6 6 6 6 6 6 6 6 6
