MyMainGIS/bin/Debug/Data/DLS_Input/highRisk_ecology/sc1gr6.grid
ncols         442
nrows         735
xllcorner     -502080.37185814
yllcorner     2671876.5851211
cellsize      100
NODATA_value  -9999
[rows 186 to 216 of 735, columns 0 to 67 of 442]
-9999 -9999 -9999 -9999 -9999 -9999 -9999 -9999 -9999 -9999 -9999 -9999 -9999 -9999 -9999 -9999 -9999 -9999 -9999 -9999 -9999 -9999 -9999 -9999 -9999 -9999 -9999 -9999 1004.703 1004.63 1004.555 1004.479 1004.402 1004.324 1004.244 1004.163 1004.08 1003.997 1003.912 1003.826 1003.738 1003.649 1003.559 1003.467 1003.374 1003.28 1003.185 1003.088 1002.989 1002.89 1002.789 1002.686 1002.582 1002.477 1002.371 1002.263 1002.153 1002.043 1001.93 1001.817 1001.702 1001.586 1001.468 1001.349 1001.228 1001.107 1000.983 1000.858
-9999 -9999 -9999 -9999 -9999 -9999 -9999 -9999 -9999 -9999 -9999 -9999 -9999 -9999 -9999 -9999 -9999 -9999 -9999 -9999 -9999 -9999 -9999 -9999 -9999 -9999 -9999 -9999 1004.71 1004.636 1004.562 1004.486 1004.408 1004.33 1004.25 1004.169 1004.087 1004.003 1003.918 1003.832 1003.745 1003.656 1003.566 1003.474 1003.381 1003.287 1003.191 1003.094 1002.996 1002.896 1002.795 1002.693 1002.589 1002.484 1002.378 1002.27 1002.16 1002.05 1001.938 1001.824 1001.709 1001.593 1001.475 1001.356 1001.236 1001.114 1000.991 1000.866
-9999 -9999 -9999 -9999 -9999 -9999 -9999 -9999 -9999 -9999 -9999 -9999 -9999 -9999 -9999 -9999 -9999 -9999 -9999 -9999 -9999 -9999 -9999 -9999 -9999 -9999 -9999 -9999 1004.717 1004.644 1004.569 1004.493 1004.416 1004.338 1004.258 1004.177 1004.095 1004.011 1003.926 1003.84 1003.752 1003.664 1003.573 1003.482 1003.389 1003.295 1003.199 1003.102 1003.004 1002.905 1002.804 1002.701 1002.597 1002.492 1002.386 1002.278 1002.169 1002.058 1001.946 1001.832 1001.718 1001.601 1001.484 1001.365 1001.244 1001.122 1000.999 1000.874
-9999 -9999 -9999 -9999 -9999 -9999 -9999 -9999 -9999 -9999 -9999 -9999 -9999 -9999 -9999 -9999 -9999 -9999 -9999 -9999 -9999 -9999 -9999 -9999 -9999 -9999 -9999 -9999 -9999 1004.652 1004.578 1004.502 1004.425 1004.346 1004.267 1004.186 1004.103 1004.02 1003.935 1003.849 1003.761 1003.673 1003.582 1003.491 1003.398 1003.304 1003.208 1003.112 1003.013 1002.914 1002.813 1002.71 1002.607 1002.502 1002.395 1002.287 1002.178 1002.067 1001.955 1001.842 1001.727 1001.611 1001.493 1001.374 1001.254 1001.132 1001.008 1000.884
-9999 -9999 -9999 -9999 -9999 -9999 -9999 -9999 -9999 -9999 -9999 -9999 -9999 -9999 -9999 -9999 -9999 -9999 -9999 -9999 -9999 -9999 -9999 -9999 -9999 -9999 -9999 -9999 -9999 1004.662 1004.588 1004.512 1004.435 1004.356 1004.277 1004.196 1004.113 1004.03 1003.945 1003.859 1003.772 1003.683 1003.593 1003.501 1003.408 1003.314 1003.219 1003.122 1003.024 1002.924 1002.823 1002.721 1002.617 1002.512 1002.406 1002.298 1002.189 1002.078 1001.966 1001.852 1001.738 1001.621 1001.504 1001.385 1001.264 1001.142 1001.019 1000.894
-9999 -9999 -9999 -9999 -9999 -9999 -9999 -9999 -9999 -9999 -9999 -9999 -9999 -9999 -9999 -9999 -9999 -9999 -9999 -9999 -9999 -9999 -9999 -9999 -9999 -9999 -9999 -9999 -9999 1004.673 1004.599 1004.523 1004.446 1004.367 1004.288 1004.207 1004.125 1004.041 1003.956 1003.87 1003.783 1003.694 1003.604 1003.513 1003.42 1003.326 1003.23 1003.133 1003.035 1002.936 1002.835 1002.732 1002.629 1002.524 1002.417 1002.309 1002.2 1002.09 1001.977 1001.864 1001.749 1001.633 1001.515 1001.396 1001.276 1001.154 1001.031 1000.906
-9999 -9999 -9999 -9999 -9999 -9999 -9999 -9999 -9999 -9999 -9999 -9999 -9999 -9999 -9999 -9999 -9999 -9999 -9999 -9999 -9999 -9999 -9999 -9999 -9999 -9999 -9999 -9999 -9999 1004.685 1004.611 1004.535 1004.458 1004.38 1004.3 1004.219 1004.137 1004.054 1003.969 1003.883 1003.795 1003.707 1003.617 1003.525 1003.432 1003.338 1003.243 1003.146 1003.048 1002.948 1002.847 1002.745 1002.641 1002.536 1002.43 1002.322 1002.213 1002.102 1001.99 1001.877 1001.762 1001.646 1001.528 1001.409 1001.289 1001.167 1001.044 1000.919
-9999 -9999 -9999 -9999 -9999 -9999 -9999 -9999 -9999 -9999 -9999 -9999 -9999 -9999 -9999 -9999 -9999 -9999 -9999 -9999 -9999 -9999 -9999 -9999 -9999 -9999 -9999 -9999 1004.772 1004.699 1004.624 1004.549 1004.472 1004.393 1004.314 1004.233 1004.151 1004.067 1003.982 1003.896 1003.809 1003.72 1003.63 1003.539 1003.446 1003.352 1003.257 1003.16 1003.062 1002.962 1002.861 1002.759 1002.655 1002.55 1002.444 1002.336 1002.227 1002.116 1002.004 1001.891 1001.776 1001.66 1001.542 1001.423 1001.303 1001.181 1001.057 1000.933
-9999 -9999 -9999 -9999 -9999 -9999 -9999 -9999 -9999 -9999 -9999 -9999 -9999 -9999 -9999 -9999 -9999 -9999 -9999 -9999 -9999 -9999 -9999 -9999 -9999 -9999 -9999 -9999 1004.787 1004.713 1004.639 1004.563 1004.486 1004.408 1004.328 1004.248 1004.165 1004.082 1003.997 1003.911 1003.824 1003.735 1003.645 1003.554 1003.461 1003.367 1003.271 1003.175 1003.077 1002.977 1002.876 1002.774 1002.67 1002.565 1002.459 1002.351 1002.242 1002.131 1002.019 1001.906 1001.791 1001.675 1001.557 1001.438 1001.317 1001.196 1001.072 1000.948
-9999 -9999 -9999 -9999 -9999 -9999 -9999 -9999 -9999 -9999 -9999 -9999 -9999 -9999 -9999 -9999 -9999 -9999 -9999 -9999 -9999 -9999 -9999 -9999 -9999 -9999 -9999 -9999 1004.802 1004.729 1004.655 1004.579 1004.502 1004.424 1004.344 1004.263 1004.181 1004.098 1004.013 1003.927 1003.84 1003.751 1003.661 1003.57 1003.477 1003.383 1003.287 1003.191 1003.093 1002.993 1002.892 1002.79 1002.686 1002.581 1002.475 1002.367 1002.258 1002.147 1002.035 1001.922 1001.807 1001.691 1001.573 1001.454 1001.333 1001.212 1001.088 1000.964
-9999 -9999 -9999 -9999 -9999 -9999 -9999 -9999 -9999 -9999 -9999 -9999 -9999 -9999 -9999 -9999 -9999 -9999 -9999 -9999 -9999 -9999 -9999 -9999 -9999 -9999 -9999 -9999 1004.819 1004.746 1004.672 1004.596 1004.519 1004.441 1004.361 1004.281 1004.198 1004.115 1004.03 1003.944 1003.857 1003.768 1003.678 1003.587 1003.494 1003.4 1003.305 1003.208 1003.11 1003.01 1002.909 1002.807 1002.703 1002.598 1002.492 1002.384 1002.275 1002.164 1002.052 1001.939 1001.824 1001.708 1001.59 1001.471 1001.351 1001.229 1001.105 1000.981
-9999 -9999 -9999 -9999 -9999 -9999 -9999 -9999 -9999 -9999 -9999 -9999 -9999 -9999 -9999 -9999 -9999 -9999 -9999 -9999 -9999 -9999 -9999 -9999 -9999 -9999 1004.98 1004.91 1004.838 1004.764 1004.69 1004.614 1004.537 1004.459 1004.38 1004.299 1004.217 1004.133 1004.049 1003.963 1003.875 1003.786 1003.696 1003.605 1003.512 1003.418 1003.323 1003.226 1003.128 1003.028 1002.927 1002.825 1002.722 1002.616 1002.51 1002.402 1002.293 1002.182 1002.07 1001.957 1001.842 1001.726 1001.608 1001.489 1001.369 1001.247 1001.123 1000.999
-9999 -9999 -9999 -9999 -9999 -9999 -9999 -9999 -9999 -9999 -9999 -9999 -9999 -9999 -9999 -9999 -9999 -9999 -9999 -9999 -9999 -9999 -9999 -9999 -9999 1005.069 1005 1004.929 1004.857 1004.784 1004.709 1004.634 1004.557 1004.478 1004.399 1004.318 1004.236 1004.153 1004.068 1003.982 1003.894 1003.806 1003.716 1003.624 1003.532 1003.438 1003.342 1003.245 1003.147 1003.048 1002.947 1002.845 1002.741 1002.636 1002.529 1002.422 1002.312 1002.202 1002.09 1001.976 1001.861 1001.745 1001.627 1001.508 1001.388 1001.266 1001.143 1001.018
-9999 -9999 -9999 -9999 -9999 -9999 -9999 -9999 -9999 -9999 -9999 -9999 -9999 -9999 -9999 -9999 -9999 -9999 -9999 -9999 -9999 -9999 -9999 -9999 -9999 1005.09 1005.02 1004.949 1004.877 1004.804 1004.73 1004.654 1004.577 1004.499 1004.419 1004.339 1004.257 1004.173 1004.088 1004.002 1003.915 1003.826 1003.736 1003.645 1003.552 1003.458 1003.363 1003.266 1003.168 1003.068 1002.967 1002.865 1002.761 1002.656 1002.55 1002.442 1002.333 1002.222 1002.11 1001.996 1001.882 1001.765 1001.648 1001.529 1001.408 1001.286 1001.163 1001.038
-9999 -9999 -9999 -9999 -9999 -9999 -9999 -9999 -9999 -9999 -9999 -9999 -9999 -9999 -9999 -9999 -9999 -9999 -9999 -9999 -9999 -9999 -9999 -9999 1005.179 1005.111 1005.042 1004.971 1004.899 1004.826 1004.751 1004.676 1004.599 1004.521 1004.441 1004.36 1004.278 1004.195 1004.11 1004.024 1003.937 1003.848 1003.758 1003.666 1003.574 1003.48 1003.384 1003.287 1003.189 1003.09 1002.989 1002.886 1002.783 1002.678 1002.571 1002.463 1002.354 1002.243 1002.131 1002.018 1001.903 1001.787 1001.669 1001.55 1001.429 1001.307 1001.184 1001.059
-9999 -9999 -9999 -9999 -9999 -9999 -9999 -9999 -9999 -9999 -9999 -9999 -9999 -9999 -9999 -9999 -9999 -9999 -9999 -9999 -9999 -9999 -9999 -9999 1005.202 1005.134 1005.065 1004.994 1004.922 1004.849 1004.774 1004.699 1004.622 1004.543 1004.464 1004.383 1004.301 1004.217 1004.133 1004.047 1003.959 1003.871 1003.781 1003.689 1003.596 1003.502 1003.407 1003.31 1003.212 1003.112 1003.011 1002.909 1002.805 1002.7 1002.594 1002.486 1002.376 1002.266 1002.154 1002.04 1001.925 1001.809 1001.691 1001.572 1001.452 1001.33 1001.206 1001.081
-9999 -9999 -9999 -9999 -9999 -9999 -9999 -9999 -9999 -9999 -9999 -9999 -9999 -9999 -9999 -9999 -9999 -9999 -9999 -9999 -9999 -9999 -9999 1005.293 1005.226 1005.158 1005.088 1005.018 1004.946 1004.873 1004.798 1004.722 1004.646 1004.567 1004.488 1004.407 1004.325 1004.241 1004.157 1004.07 1003.983 1003.894 1003.804 1003.713 1003.62 1003.526 1003.43 1003.334 1003.235 1003.136 1003.035 1002.933 1002.829 1002.724 1002.617 1002.509 1002.4 1002.289 1002.177 1002.064 1001.949 1001.832 1001.715 1001.595 1001.475 1001.353 1001.229 1001.105
-9999 -9999 -9999 -9999 -9999 -9999 -9999 -9999 -9999 -9999 -9999 -9999 -9999 -9999 -9999 -9999 -9999 -9999 -9999 -9999 -9999 -9999 -9999 1005.318 1005.251 1005.183 1005.114 1005.043 1004.971 1004.898 1004.823 1004.747 1004.671 1004.592 1004.513 1004.432 1004.35 1004.266 1004.181 1004.095 1004.008 1003.919 1003.829 1003.738 1003.645 1003.551 1003.455 1003.358 1003.26 1003.161 1003.06 1002.957 1002.854 1002.748 1002.642 1002.534 1002.425 1002.314 1002.202 1002.088 1001.973 1001.857 1001.739 1001.62 1001.499 1001.377 1001.254 1001.129
-9999 -9999 -9999 -9999 -9999 -9999 -9999 -9999 -9999 -9999 -9999 -9999 -9999 -9999 -9999 -9999 -9999 -9999 -9999 -9999 -9999 -9999 1005.411 1005.345 1005.278 1005.209 1005.14 1005.069 1004.997 1004.924 1004.849 1004.774 1004.697 1004.618 1004.539 1004.458 1004.376 1004.292 1004.208 1004.121 1004.034 1003.945 1003.855 1003.764 1003.671 1003.577 1003.481 1003.384 1003.286 1003.186 1003.085 1002.983 1002.879 1002.774 1002.667 1002.56 1002.45 1002.339 1002.227 1002.114 1001.999 1001.882 1001.764 1001.645 1001.525 1001.403 1001.279 1001.154
-9999 -9999 -9999 -9999 -9999 -9999 -9999 -9999 -9999 -9999 -9999 -9999 -9999 -9999 -9999 -9999 -9999 -9999 -9999 -9999 -9999 -9999 1005.438 1005.372 1005.305 1005.237 1005.167 1005.096 1005.024 1004.951 1004.877 1004.801 1004.724 1004.646 1004.566 1004.485 1004.403 1004.319 1004.235 1004.148 1004.061 1003.972 1003.882 1003.791 1003.698 1003.604 1003.508 1003.411 1003.313 1003.213 1003.112 1003.01 1002.906 1002.801 1002.694 1002.586 1002.477 1002.366 1002.254 1002.14 1002.025 1001.909 1001.791 1001.672 1001.551 1001.429 1001.305 1001.18
-9999 -9999 -9999 -9999 -9999 -9999 -9999 -9999 -9999 -9999 -9999 -9999 -9999 -9999 -9999 -9999 -9999 -9999 -9999 -9999 -9999 -9999 1005.466 1005.401 1005.333 1005.265 1005.196 1005.125 1005.053 1004.98 1004.905 1004.829 1004.752 1004.674 1004.594 1004.513 1004.431 1004.348 1004.263 1004.177 1004.089 1004 1003.91 1003.819 1003.726 1003.632 1003.536 1003.439 1003.341 1003.241 1003.14 1003.038 1002.934 1002.828 1002.722 1002.614 1002.504 1002.394 1002.281 1002.168 1002.053 1001.936 1001.818 1001.699 1001.578 1001.456 1001.333 1001.208
-9999 -9999 -9999 -9999 -9999 -9999 -9999 -9999 -9999 -9999 -9999 -9999 -9999 -9999 -9999 -9999 -9999 -9999 -9999 -9999 -9999 1005.561 1005.496 1005.43 1005.363 1005.295 1005.225 1005.154 1005.082 1005.009 1004.935 1004.859 1004.782 1004.703 1004.624 1004.543 1004.46 1004.377 1004.292 1004.206 1004.118 1004.029 1003.939 1003.848 1003.755 1003.661 1003.565 1003.468 1003.37 1003.27 1003.169 1003.066 1002.962 1002.857 1002.751 1002.643 1002.533 1002.422 1002.31 1002.196 1002.081 1001.965 1001.847 1001.727 1001.607 1001.484 1001.361 1001.236
-9999 -9999 -9999 -9999 -9999 -9999 -9999 -9999 -9999 -9999 -9999 -9999 -9999 -9999 -9999 -9999 -9999 -9999 -9999 -9999 -9999 1005.592 1005.527 1005.461 1005.394 1005.325 1005.256 1005.185 1005.113 1005.04 1004.965 1004.889 1004.812 1004.734 1004.654 1004.573 1004.491 1004.407 1004.322 1004.236 1004.149 1004.06 1003.969 1003.878 1003.785 1003.691 1003.595 1003.498 1003.4 1003.3 1003.199 1003.096 1002.992 1002.887 1002.78 1002.672 1002.563 1002.452 1002.339 1002.226 1002.111 1001.994 1001.876 1001.757 1001.636 1001.514 1001.39 1001.265
-9999 -9999 -9999 -9999 -9999 -9999 -9999 -9999 -9999 -9999 -9999 -9999 -9999 -9999 -9999 -9999 -9999 -9999 -9999 -9999 1005.687 1005.624 1005.559 1005.493 1005.426 1005.357 1005.288 1005.217 1005.145 1005.071 1004.997 1004.921 1004.844 1004.765 1004.686 1004.605 1004.522 1004.439 1004.354 1004.267 1004.18 1004.091 1004.001 1003.909 1003.816 1003.722 1003.626 1003.529 1003.431 1003.331 1003.23 1003.127 1003.023 1002.918 1002.811 1002.703 1002.593 1002.482 1002.37 1002.256 1002.141 1002.024 1001.906 1001.787 1001.666 1001.544 1001.42 1001.295
-9999 -9999 -9999 -9999 -9999 -9999 -9999 -9999 -9999 -9999 -9999 -9999 -9999 -9999 -9999 -9999 -9999 -9999 -9999 -9999 1005.72 1005.657 1005.592 1005.526 1005.459 1005.39 1005.32 1005.25 1005.177 1005.104 1005.029 1004.954 1004.876 1004.798 1004.718 1004.637 1004.555 1004.471 1004.386 1004.3 1004.212 1004.123 1004.033 1003.941 1003.848 1003.754 1003.658 1003.561 1003.463 1003.363 1003.262 1003.159 1003.055 1002.95 1002.843 1002.735 1002.625 1002.514 1002.402 1002.288 1002.172 1002.056 1001.938 1001.818 1001.697 1001.575 1001.451 1001.326
-9999 -9999 -9999 -9999 -9999 -9999 -9999 -9999 -9999 -9999 -9999 -9999 -9999 -9999 -9999 -9999 -9999 -9999 -9999 -9999 1005.755 1005.691 1005.626 1005.56 1005.493 1005.424 1005.354 1005.283 1005.211 1005.138 1005.063 1004.987 1004.91 1004.832 1004.752 1004.671 1004.588 1004.505 1004.42 1004.333 1004.246 1004.157 1004.066 1003.974 1003.881 1003.787 1003.691 1003.594 1003.496 1003.396 1003.294 1003.192 1003.088 1002.982 1002.875 1002.767 1002.658 1002.547 1002.434 1002.32 1002.205 1002.088 1001.97 1001.851 1001.73 1001.607 1001.483 1001.358
-9999 -9999 -9999 -9999 -9999 -9999 -9999 -9999 -9999 -9999 -9999 -9999 -9999 -9999 -9999 -9999 -9999 -9999 -9999 -9999 1005.79 1005.726 1005.661 1005.595 1005.528 1005.459 1005.389 1005.318 1005.246 1005.173 1005.098 1005.022 1004.945 1004.866 1004.786 1004.705 1004.623 1004.539 1004.454 1004.368 1004.28 1004.191 1004.1 1004.009 1003.916 1003.821 1003.725 1003.628 1003.53 1003.43 1003.328 1003.226 1003.122 1003.016 1002.909 1002.801 1002.691 1002.58 1002.467 1002.354 1002.238 1002.122 1002.003 1001.884 1001.763 1001.64 1001.516 1001.391
-9999 -9999 -9999 -9999 -9999 -9999 -9999 -9999 -9999 -9999 -9999 -9999 -9999 -9999 -9999 -9999 -9999 -9999 -9999 -9999 -9999 1005.762 1005.697 1005.631 1005.564 1005.495 1005.425 1005.354 1005.282 1005.209 1005.134 1005.058 1004.981 1004.902 1004.822 1004.741 1004.658 1004.575 1004.49 1004.403 1004.315 1004.226 1004.136 1004.044 1003.951 1003.856 1003.76 1003.663 1003.565 1003.465 1003.363 1003.26 1003.156 1003.051 1002.944 1002.835 1002.726 1002.615 1002.502 1002.388 1002.273 1002.156 1002.037 1001.918 1001.797 1001.674 1001.55 1001.425
-9999 -9999 -9999 -9999 -9999 -9999 -9999 -9999 -9999 -9999 -9999 -9999 -9999 -9999 -9999 -9999 -9999 -9999 -9999 -9999 1005.863 1005.8 1005.735 1005.668 1005.601 1005.532 1005.463 1005.391 1005.319 1005.246 1005.171 1005.095 1005.017 1004.939 1004.859 1004.778 1004.695 1004.611 1004.526 1004.44 1004.352 1004.263 1004.172 1004.08 1003.987 1003.892 1003.797 1003.699 1003.601 1003.5 1003.399 1003.296 1003.192 1003.086 1002.979 1002.871 1002.761 1002.65 1002.537 1002.423 1002.308 1002.191 1002.073 1001.953 1001.832 1001.709 1001.585 1001.46
-9999 -9999 -9999 -9999 -9999 -9999 -9999 -9999 -9999 -9999 -9999 -9999 -9999 -9999 -9999 -9999 -9999 1006.087 1006.026 1005.965 1005.902 1005.838 1005.773 1005.707 1005.639 1005.571 1005.501 1005.43 1005.357 1005.284 1005.209 1005.133 1005.055 1004.976 1004.896 1004.815 1004.733 1004.649 1004.563 1004.477 1004.389 1004.3 1004.209 1004.117 1004.024 1003.93 1003.833 1003.736 1003.637 1003.537 1003.436 1003.333 1003.229 1003.123 1003.016 1002.907 1002.798 1002.686 1002.574 1002.459 1002.344 1002.227 1002.109 1001.989 1001.868 1001.745 1001.621 1001.496
-9999 -9999 -9999 -9999 -9999 -9999 -9999 -9999 -9999 -9999 -9999 -9999 -9999 -9999 -9999 -9999 1006.185 1006.126 1006.066 1006.004 1005.941 1005.877 1005.812 1005.746 1005.678 1005.61 1005.54 1005.469 1005.396 1005.323 1005.248 1005.171 1005.094 1005.015 1004.935 1004.854 1004.771 1004.687 1004.602 1004.515 1004.427 1004.338 1004.248 1004.156 1004.062 1003.968 1003.871 1003.774 1003.675 1003.575 1003.474 1003.371 1003.266 1003.161 1003.053 1002.945 1002.835 1002.724 1002.611 1002.497 1002.381 1002.264 1002.146 1002.026 1001.905 1001.782 1001.658 1001.532
