MyMainGIS/bin/Debug/Data/DLS_Input/highRisk_ecology/sc1gr7.grid
ncols         442
nrows         735
xllcorner     -502080.37185814
yllcorner     2671876.5851211
cellsize      100
NODATA_value  -9999
[rows 520 to 559 of 735, columns 180 to 269 of 442]
5 5 5 5 5 5 5 5 5 5 5 5 5 5 5 5 5 5 5 5 56 56 56 56 56 56 56 56 56 56 2270 2270 2270 2270 2270 2270 2270 2270 2270 2270 6627 6627 6627 6627 6627 6627 6627 6627 6627 6627 4950 4950 4950 4950 4950 4950 4950 4950 4950 4950 688 688 688 688 688 688 688 688 688 688 13 13 13 13 13 13 13 13 13 13 37 37 37 37 37 37 37 37 37 37
5 5 5 5 5 5 5 5 5 5 5 5 5 5 5 5 5 5 5 5 56 56 56 56 56 56 56 56 56 56 2270 2270 2270 2270 2270 2270 2270 2270 2270 2270 6627 6627 6627 6627 6627 6627 6627 6627 6627 6627 4950 4950 4950 4950 4950 4950 4950 4950 4950 4950 688 688 688 688 688 688 688 688 688 688 13 13 13 13 13 13 13 13 13 13 37 37 37 37 37 37 37 37 37 37
5 5 5 5 5 5 5 5 5 5 5 5 5 5 5 5 5 5 5 5 56 56 56 56 56 56 56 56 56 56 2270 2270 2270 2270 2270 2270 2270 2270 2270 2270 6627 6627 6627 6627 6627 6627 6627 6627 6627 6627 4950 4950 4950 4950 4950 4950 4950 4950 4950 4950 688 688 688 688 688 688 688 688 688 688 13 13 13 13 13 13 13 13 13 13 37 37 37 37 37 37 37 37 37 37
5 5 5 5 5 5 5 5 5 5 5 5 5 5 5 5 5 5 5 5 56 56 56 56 56 56 56 56 56 56 2270 2270 2270 2270 2270 2270 2270 2270 2270 2270 6627 6627 6627 6627 6627 6627 6627 6627 6627 6627 4950 4950 4950 4950 4950 4950 4950 4950 4950 4950 688 688 688 688 688 688 688 688 688 688 13 13 13 13 13 13 13 13 13 13 37 37 37 37 37 37 37 37 37 37
10 10 10 10 10 10 10 10 10 10 8 8 8 8 8 8 8 8 8 8 467 467 467 467 467 467 467 467 467 467 4720 4720 4720 4720 4720 4720 4720 4720 4720 4720 8253 8253 8253 8253 8253 8253 8253 8253 8253 8253 8927 8927 8927 8927 8927 8927 8927 8927 8927 8927 6565 6565 6565 6565 6565 6565 6565 6565 6565 6565 7574 7574 7574 7574 7574 7574 7574 7574 7574 7574 3947 3947 3947 3947 3947 3947 3947 3947 3947 3947
10 10 10 10 10 10 10 10 10 10 8 8 8 8 8 8 8 8 8 8 467 467 467 467 467 467 467 467 467 467 4720 4720 4720 4720 4720 4720 4720 4720 4720 4720 8253 8253 8253 8253 8253 8253 8253 8253 8253 8253 8927 8927 8927 8927 8927 8927 8927 8927 8927 8927 6565 6565 6565 6565 6565 6565 6565 6565 6565 6565 7574 7574 7574 7574 7574 7574 7574 7574 7574 7574 3947 3947 3947 3947 3947 3947 3947 3947 3947 3947
10 10 10 10 10 10 10 10 10 10 8 8 8 8 8 8 8 8 8 8 467 467 467 467 467 467 467 467 467 467 4720 4720 4720 4720 4720 4720 4720 4720 4720 4720 8253 8253 8253 8253 8253 8253 8253 8253 8253 8253 8927 8927 8927 8927 8927 8927 8927 8927 8927 8927 6565 6565 6565 6565 6565 6565 6565 6565 6565 6565 7574 7574 7574 7574 7574 7574 7574 7574 7574 7574 3947 3947 3947 3947 3947 3947 3947 3947 3947 3947
10 10 10 10 10 10 10 10 10 10 8 8 8 8 8 8 8 8 8 8 467 467 467 467 467 467 467 467 467 467 4720 4720 4720 4720 4720 4720 4720 4720 4720 4720 8253 8253 8253 8253 8253 8253 8253 8253 8253 8253 8927 8927 8927 8927 8927 8927 8927 8927 8927 8927 6565 6565 6565 6565 6565 6565 6565 6565 6565 6565 7574 7574 7574 7574 7574 7574 7574 7574 7574 7574 3947 3947 3947 3947 3947 3947 3947 3947 3947 3947
10 10 10 10 10 10 10 10 10 10 8 8 8 8 8 8 8 8 8 8 467 467 467 467 467 467 467 467 467 467 4720 4720 4720 4720 4720 4720 4720 4720 4720 4720 8253 8253 8253 8253 8253 8253 8253 8253 8253 8253 8927 8927 8927 8927 8927 8927 8927 8927 8927 8927 6565 6565 6565 6565 6565 6565 6565 6565 6565 6565 7574 7574 7574 7574 7574 7574 7574 7574 7574 7574 3947 3947 3947 3947 3947 3947 3947 3947 3947 3947
10 10 10 10 10 10 10 10 10 10 8 8 8 8 8 8 8 8 8 8 467 467 467 467 467 467 467 467 467 467 4720 4720 4720 4720 4720 4720 4720 4720 4720 4720 8253 8253 8253 8253 8253 8253 8253 8253 8253 8253 8927 8927 8927 8927 8927 8927 8927 8927 8927 8927 6565 6565 6565 6565 6565 6565 6565 6565 6565 6565 7574 7574 7574 7574 7574 7574 7574 7574 7574 7574 3947 3947 3947 3947 3947 3947 3947 3947 3947 3947
10 10 10 10 10 10 10 10 10 10 8 8 8 8 8 8 8 8 8 8 467 467 467 467 467 467 467 467 467 467 4720 4720 4720 4720 4720 4720 4720 4720 4720 4720 8253 8253 8253 8253 8253 8253 8253 8253 8253 8253 8927 8927 8927 8927 8927 8927 8927 8927 8927 8927 6565 6565 6565 6565 6565 6565 6565 6565 6565 6565 7574 7574 7574 7574 7574 7574 7574 7574 7574 7574 3947 3947 3947 3947 3947 3947 3947 3947 3947 3947
10 10 10 10 10 10 10 10 10 10 8 8 8 8 8 8 8 8 8 8 467 467 467 467 467 467 467 467 467 467 4720 4720 4720 4720 4720 4720 4720 4720 4720 4720 8253 8253 8253 8253 8253 8253 8253 8253 8253 8253 8927 8927 8927 8927 8927 8927 8927 8927 8927 8927 6565 6565 6565 6565 6565 6565 6565 6565 6565 6565 7574 7574 7574 7574 7574 7574 7574 7574 7574 7574 3947 3947 3947 3947 3947 3947 3947 3947 3947 3947
10 10 10 10 10 10 10 10 10 10 8 8 8 8 8 8 8 8 8 8 467 467 467 467 467 467 467 467 467 467 4720 4720 4720 4720 4720 4720 4720 4720 4720 4720 8253 8253 8253 8253 8253 8253 8253 8253 8253 8253 8927 8927 8927 8927 8927 8927 8927 8927 8927 8927 6565 6565 6565 6565 6565 6565 6565 6565 6565 6565 7574 7574 7574 7574 7574 7574 7574 7574 7574 7574 3947 3947 3947 3947 3947 3947 3947 3947 3947 3947
10 10 10 10 10 10 10 10 10 10 8 8 8 8 8 8 8 8 8 8 467 467 467 467 467 467 467 467 467 467 4720 4720 4720 4720 4720 4720 4720 4720 4720 4720 8253 8253 8253 8253 8253 8253 8253 8253 8253 8253 8927 8927 8927 8927 8927 8927 8927 8927 8927 8927 6565 6565 6565 6565 6565 6565 6565 6565 6565 6565 7574 7574 7574 7574 7574 7574 7574 7574 7574 7574 3947 3947 3947 3947 3947 3947 3947 3947 3947 3947
45 45 45 45 45 45 45 45 45 45 5 5 5 5 5 5 5 5 5 5 13 13 13 13 13 13 13 13 13 13 5744 5744 5744 5744 5744 5744 5744 5744 5744 5744 9530 9530 9530 9530 9530 9530 9530 9530 9530 9530 9530 9530 9530 9530 9530 9530 9530 9530 9530 9530 9530 9530 9530 9530 9530 9530 9530 9530 9530 9530 8893 8893 8893 8893 8893 8893 8893 8893 8893 8893 5619 5619 5619 5619 5619 5619 5619 5619 5619 5619
45 45 45 45 45 45 45 45 45 45 5 5 5 5 5 5 5 5 5 5 13 13 13 13 13 13 13 13 13 13 5744 5744 5744 5744 5744 5744 5744 5744 5744 5744 9530 9530 9530 9530 9530 9530 9530 9530 9530 9530 9530 9530 9530 9530 9530 9530 9530 9530 9530 9530 9530 9530 9530 9530 9530 9530 9530 9530 9530 9530 8893 8893 8893 8893 8893 8893 8893 8893 8893 8893 5619 5619 5619 5619 5619 5619 5619 5619 5619 5619
45 45 45 45 45 45 45 45 45 45 5 5 5 5 5 5 5 5 5 5 13 13 13 13 13 13 13 13 13 13 5744 5744 5744 5744 5744 5744 5744 5744 5744 5744 9530 9530 9530 9530 9530 9530 9530 9530 9530 9530 9530 9530 9530 9530 9530 9530 9530 9530 9530 9530 9530 9530 9530 9530 9530 9530 9530 9530 9530 9530 8893 8893 8893 8893 8893 8893 8893 8893 8893 8893 5619 5619 5619 5619 5619 5619 5619 5619 5619 5619
45 45 45 45 45 45 45 45 45 45 5 5 5 5 5 5 5 5 5 5 13 13 13 13 13 13 13 13 13 13 5744 5744 5744 5744 5744 5744 5744 5744 5744 5744 9530 9530 9530 9530 9530 9530 9530 9530 9530 9530 9530 9530 9530 9530 9530 9530 9530 9530 9530 9530 9530 9530 9530 9530 9530 9530 9530 9530 9530 9530 8893 8893 8893 8893 8893 8893 8893 8893 8893 8893 5619 5619 5619 5619 5619 5619 5619 5619 5619 5619
45 45 45 45 45 45 45 45 45 45 5 5 5 5 5 5 5 5 5 5 13 13 13 13 13 13 13 13 13 13 5744 5744 5744 5744 5744 5744 5744 5744 5744 5744 9530 9530 9530 9530 9530 9530 9530 9530 9530 9530 9530 9530 9530 9530 9530 9530 9530 9530 9530 9530 9530 9530 9530 9530 9530 9530 9530 9530 9530 9530 8893 8893 8893 8893 8893 8893 8893 8893 8893 8893 5619 5619 5619 5619 5619 5619 5619 5619 5619 5619
45 45 45 45 45 45 45 45 45 45 5 5 5 5 5 5 5 5 5 5 13 13 13 13 13 13 13 13 13 13 5744 5744 5744 5744 5744 5744 5744 5744 5744 5744 9530 9530 9530 9530 9530 9530 9530 9530 9530 9530 9530 9530 9530 9530 9530 9530 9530 9530 9530 9530 9530 9530 9530 9530 9530 9530 9530 9530 9530 9530 8893 8893 8893 8893 8893 8893 8893 8893 8893 8893 5619 5619 5619 5619 5619 5619 5619 5619 5619 5619
45 45 45 45 45 45 45 45 45 45 5 5 5 5 5 5 5 5 5 5 13 13 13 13 13 13 13 13 13 13 5744 5744 5744 5744 5744 5744 5744 5744 5744 5744 9530 9530 9530 9530 9530 9530 9530 9530 9530 9530 9530 9530 9530 9530 9530 9530 9530 9530 9530 9530 9530 9530 9530 9530 9530 9530 9530 9530 9530 9530 8893 8893 8893 8893 8893 8893 8893 8893 8893 8893 5619 5619 5619 5619 5619 5619 5619 5619 5619 5619
45 45 45 45 45 45 45 45 45 45 5 5 5 5 5 5 5 5 5 5 13 13 13 13 13 13 13 13 13 13 5744 5744 5744 5744 5744 5744 5744 5744 5744 5744 9530 9530 9530 9530 9530 9530 9530 9530 9530 9530 9530 9530 9530 9530 9530 9530 9530 9530 9530 9530 9530 9530 9530 9530 9530 9530 9530 9530 9530 9530 8893 8893 8893 8893 8893 8893 8893 8893 8893 8893 5619 5619 5619 5619 5619 5619 5619 5619 5619 5619
45 45 45 45 45 45 45 45 45 45 5 5 5 5 5 5 5 5 5 5 13 13 13 13 13 13 13 13 13 13 5744 5744 5744 5744 5744 5744 5744 5744 5744 5744 9530 9530 9530 9530 9530 9530 9530 9530 9530 9530 9530 9530 9530 9530 9530 9530 9530 9530 9530 9530 9530 9530 9530 9530 9530 9530 9530 9530 9530 9530 8893 8893 8893 8893 8893 8893 8893 8893 8893 8893 5619 5619 5619 5619 5619 5619 5619 5619 5619 5619
45 45 45 45 45 45 45 45 45 45 5 5 5 5 5 5 5 5 5 5 13 13 13 13 13 13 13 13 13 13 5744 5744 5744 5744 5744 5744 5744 5744 5744 5744 9530 9530 9530 9530 9530 9530 9530 9530 9530 9530 9530 9530 9530 9530 9530 9530 9530 9530 9530 9530 9530 9530 9530 9530 9530 9530 9530 9530 9530 9530 8893 8893 8893 8893 8893 8893 8893 8893 8893 8893 5619 5619 5619 5619 5619 5619 5619 5619 5619 5619
11 11 11 11 11 11 11 11 11 11 5 5 5 5 5 5 5 5 5 5 20 20 20 20 20 20 20 20 20 20 6109 6109 6109 6109 6109 6109 6109 6109 6109 6109 9530 9530 9530 9530 9530 9530 9530 9530 9530 9530 8387 8387 8387 8387 8387 8387 8387 8387 8387 8387 3988 3988 3988 3988 3988 3988 3988 3988 3988 3988 3735 3735 3735 3735 3735 3735 3735 3735 3735 3735 57 57 57 57 57 57 57 57 57 57
11 11 11 11 11 11 11 11 11 11 5 5 5 5 5 5 5 5 5 5 20 20 20 20 20 20 20 20 20 20 6109 6109 6109 6109 6109 6109 6109 6109 6109 6109 9530 9530 9530 9530 9530 9530 9530 9530 9530 9530 8387 8387 8387 8387 8387 8387 8387 8387 8387 8387 3988 3988 3988 3988 3988 3988 3988 3988 3988 3988 3735 3735 3735 3735 3735 3735 3735 3735 3735 3735 57 57 57 57 57 57 57 57 57 57
11 11 11 11 11 11 11 11 11 11 5 5 5 5 5 5 5 5 5 5 20 20 20 20 20 20 20 20 20 20 6109 6109 6109 6109 6109 6109 6109 6109 6109 6109 9530 9530 9530 9530 9530 9530 9530 9530 9530 9530 8387 8387 8387 8387 8387 8387 8387 8387 8387 8387 3988 3988 3988 3988 3988 3988 3988 3988 3988 3988 3735 3735 3735 3735 3735 3735 3735 3735 3735 3735 57 57 57 57 57 57 57 57 57 57
11 11 11 11 11 11 11 11 11 11 5 5 5 5 5 5 5 5 5 5 20 20 20 20 20 20 20 20 20 20 6109 6109 6109 6109 6109 6109 6109 6109 6109 6109 9530 9530 9530 9530 9530 9530 9530 9530 9530 9530 8387 8387 8387 8387 8387 8387 8387 8387 8387 8387 3988 3988 3988 3988 3988 3988 3988 3988 3988 3988 3735 3735 3735 3735 3735 3735 3735 3735 3735 3735 57 57 57 57 57 57 57 57 57 57
11 11 11 11 11 11 11 11 11 11 5 5 5 5 5 5 5 5 5 5 20 20 20 20 20 20 20 20 20 20 6109 6109 6109 6109 6109 6109 6109 6109 6109 6109 9530 9530 9530 9530 9530 9530 9530 9530 9530 9530 8387 8387 8387 8387 8387 8387 8387 8387 8387 8387 3988 3988 3988 3988 3988 3988 3988 3988 3988 3988 3735 3735 3735 3735 3735 3735 3735 3735 3735 3735 57 57 57 57 57 57 57 57 57 57
11 11 11 11 11 11 11 11 11 11 5 5 5 5 5 5 5 5 5 5 20 20 20 20 20 20 20 20 20 20 6109 6109 6109 6109 6109 6109 6109 6109 6109 6109 9530 9530 9530 9530 9530 9530 9530 9530 9530 9530 8387 8387 8387 8387 8387 8387 8387 8387 8387 8387 3988 3988 3988 3988 3988 3988 3988 3988 3988 3988 3735 3735 3735 3735 3735 3735 3735 3735 3735 3735 57 57 57 57 57 57 57 57 57 57
11 11 11 11 11 11 11 11 11 11 5 5 5 5 5 5 5 5 5 5 20 20 20 20 20 20 20 20 20 20 6109 6109 6109 6109 6109 6109 6109 6109 6109 6109 9530 9530 9530 9530 9530 9530 9530 9530 9530 9530 8387 8387 8387 8387 8387 8387 8387 8387 8387 8387 3988 3988 3988 3988 3988 3988 3988 3988 3988 3988 3735 3735 3735 3735 3735 3735 3735 3735 3735 3735 57 57 57 57 57 57 57 57 57 57
11 11 11 11 11 11 11 11 11 11 5 5 5 5 5 5 5 5 5 5 20 20 20 20 20 20 20 20 20 20 6109 6109 6109 6109 6109 6109 6109 6109 6109 6109 9530 9530 9530 9530 9530 9530 9530 9530 9530 9530 8387 8387 8387 8387 8387 8387 8387 8387 8387 8387 3988 3988 3988 3988 3988 3988 3988 3988 3988 3988 3735 3735 3735 3735 3735 3735 3735 3735 3735 3735 57 57 57 57 57 57 57 57 57 57
11 11 11 11 11 11 11 11 11 11 5 5 5 5 5 5 5 5 5 5 20 20 20 20 20 20 20 20 20 20 6109 6109 6109 6109 6109 6109 6109 6109 6109 6109 9530 9530 9530 9530 9530 9530 9530 9530 9530 9530 8387 8387 8387 8387 8387 8387 8387 8387 8387 8387 3988 3988 3988 3988 3988 3988 3988 3988 3988 3988 3735 3735 3735 3735 3735 3735 3735 3735 3735 3735 57 57 57 57 57 57 57 57 57 57
11 11 11 11 11 11 11 11 11 11 5 5 5 5 5 5 5 5 5 5 20 20 20 20 20 20 20 20 20 20 6109 6109 6109 6109 6109 6109 6109 6109 6109 6109 9530 9530 9530 9530 9530 9530 9530 9530 9530 9530 8387 8387 8387 8387 8387 8387 8387 8387 8387 8387 3988 3988 3988 3988 3988 3988 3988 3988 3988 3988 3735 3735 3735 3735 3735 3735 3735 3735 3735 3735 57 57 57 57 57 57 57 57 57 57
24 24 24 24 24 24 24 24 24 24 29 29 29 29 29 29 29 29 29 29 35 35 35 35 35 35 35 35 35 35 2477 2477 2477 2477 2477 2477 2477 2477 2477 2477 5759 5759 5759 5759 5759 5759 5759 5759 5759 5759 5179 5179 5179 5179 5179 5179 5179 5179 5179 5179 91 91 91 91 91 91 91 91 91 91 104 104 104 104 104 104 104 104 104 104 76 76 76 76 76 76 76 76 76 76
24 24 24 24 24 24 24 24 24 24 29 29 29 29 29 29 29 29 29 29 35 35 35 35 35 35 35 35 35 35 2477 2477 2477 2477 2477 2477 2477 2477 2477 2477 5759 5759 5759 5759 5759 5759 5759 5759 5759 5759 5179 5179 5179 5179 5179 5179 5179 5179 5179 5179 91 91 91 91 91 91 91 91 91 91 104 104 104 104 104 104 104 104 104 104 76 76 76 76 76 76 76 76 76 76
24 24 24 24 24 24 24 24 24 24 29 29 29 29 29 29 29 29 29 29 35 35 35 35 35 35 35 35 35 35 2477 2477 2477 2477 2477 2477 2477 2477 2477 2477 5759 5759 5759 5759 5759 5759 5759 5759 5759 5759 5179 5179 5179 5179 5179 5179 5179 5179 5179 5179 91 91 91 91 91 91 91 91 91 91 104 104 104 104 104 104 104 104 104 104 76 76 76 76 76 76 76 76 76 76
24 24 24 24 24 24 24 24 24 24 29 29 29 29 29 29 29 29 29 29 35 35 35 35 35 35 35 35 35 35 2477 2477 2477 2477 2477 2477 2477 2477 2477 2477 5759 5759 5759 5759 5759 5759 5759 5759 5759 5759 5179 5179 5179 5179 5179 5179 5179 5179 5179 5179 91 91 91 91 91 91 91 91 91 91 104 104 104 104 104 104 104 104 104 104 76 76 76 76 76 76 76 76 76 76
24 24 24 24 24 24 24 24 24 24 29 29 29 29 29 29 29 29 29 29 35 35 35 35 35 35 35 35 35 35 2477 2477 2477 2477 2477 2477 2477 2477 2477 2477 5759 5759 5759 5759 5759 5759 5759 5759 5759 5759 5179 5179 5179 5179 5179 5179 5179 5179 5179 5179 91 91 91 91 91 91 91 91 91 91 104 104 104 104 104 104 104 104 104 104 76 76 76 76 76 76 76 76 76 76
24 24 24 24 24 24 24 24 24 24 29 29 29 29 29 29 29 29 29 29 35 35 35 35 35 35 35 35 35 35 2477 2477 2477 2477 2477 2477 2477 2477 2477 2477 5759 5759 5759 5759 5759 5759 5759 5759 5759 5759 5179 5179 5179 5179 5179 5179 5179 5179 5179 5179 91 91 91 91 91 91 91 91 91 91 104 104 104 104 104 104 104 104 104 104 76 76 76 76 76 76 76 76 76 76
