MyMainGIS/bin/Debug/Data/DLS_Input/highRisk_ecology/sc1gr6.grid
ncols         442
nrows         735
xllcorner     -502080.37185814
yllcorner     2671876.5851211
cellsize      100
NODATA_value  -9999
[rows 465 to 495 of 735, columns 136 to 203 of 442]
1026.422 1026.131 1025.839 1025.545 1025.251 1024.957 1024.661 1024.364 1024.067 1023.769 1023.47 1023.17 1022.87 1022.569 1022.267 1021.964 1021.661 1021.357 1021.052 1020.746 1020.44 1020.133 1019.825 1019.516 1019.207 1018.898 1018.587 1018.276 1017.964 1017.652 1017.339 1017.025 1016.711 1016.396 1016.081 1015.764 1015.448 1015.131 1014.813 1014.495 1014.176 1013.856 1013.536 1013.216 1012.895 1012.573 1012.251 1011.929 1011.606 1011.282 1010.958 1010.634 1010.309 1009.984 1009.659 1009.332 1009.006 1008.679 1008.352 1008.024 1007.696 1007.368 1007.039 1006.71 1006.381 1006.051 1005.721 1005.391
1026.689 1026.397 1026.104 1025.811 1025.516 1025.221 1024.925 1024.628 1024.33 1024.031 1023.732 1023.432 1023.131 1022.829 1022.526 1022.223 1021.919 1021.615 1021.309 1021.003 1020.696 1020.389 1020.08 1019.771 1019.462 1019.151 1018.841 1018.529 1018.217 1017.904 1017.59 1017.276 1016.961 1016.646 1016.33 1016.013 1015.696 1015.379 1015.06 1014.742 1014.422 1014.102 1013.782 1013.461 1013.139 1012.817 1012.495 1012.172 1011.849 1011.525 1011.2 1010.875 1010.55 1010.225 1009.898 1009.572 1009.245 1008.918 1008.59 1008.262 1007.933 1007.604 1007.275 1006.946 1006.616 1006.286 1005.955 1005.624
1026.957 1026.664 1026.371 1026.076 1025.781 1025.485 1025.189 1024.891 1024.593 1024.294 1023.994 1023.693 1023.391 1023.089 1022.786 1022.483 1022.178 1021.873 1021.567 1021.26 1020.953 1020.645 1020.336 1020.027 1019.717 1019.406 1019.094 1018.782 1018.469 1018.156 1017.842 1017.527 1017.212 1016.896 1016.58 1016.263 1015.945 1015.627 1015.308 1014.989 1014.669 1014.349 1014.028 1013.706 1013.384 1013.062 1012.739 1012.416 1012.092 1011.767 1011.442 1011.117 1010.791 1010.465 1010.139 1009.812 1009.484 1009.156 1008.828 1008.5 1008.171 1007.841 1007.512 1007.182 1006.851 1006.521 1006.19 1005.858
1027.224 1026.931 1026.637 1026.342 1026.047 1025.75 1025.453 1025.155 1024.856 1024.556 1024.256 1023.955 1023.653 1023.35 1023.046 1022.742 1022.437 1022.131 1021.825 1021.518 1021.21 1020.901 1020.592 1020.282 1019.972 1019.66 1019.348 1019.036 1018.722 1018.409 1018.094 1017.779 1017.463 1017.147 1016.83 1016.512 1016.194 1015.876 1015.556 1015.237 1014.916 1014.595 1014.274 1013.952 1013.63 1013.307 1012.983 1012.659 1012.335 1012.01 1011.685 1011.359 1011.033 1010.706 1010.379 1010.052 1009.724 1009.395 1009.067 1008.738 1008.408 1008.078 1007.748 1007.418 1007.087 1006.756 1006.424 1006.093
1027.492 1027.198 1026.904 1026.608 1026.312 1026.015 1025.717 1025.419 1025.119 1024.819 1024.518 1024.216 1023.914 1023.611 1023.307 1023.002 1022.696 1022.39 1022.083 1021.776 1021.467 1021.158 1020.848 1020.538 1020.227 1019.915 1019.603 1019.289 1018.976 1018.661 1018.346 1018.031 1017.714 1017.398 1017.08 1016.762 1016.444 1016.124 1015.805 1015.484 1015.164 1014.842 1014.52 1014.198 1013.875 1013.552 1013.228 1012.903 1012.578 1012.253 1011.927 1011.601 1011.274 1010.947 1010.62 1010.292 1009.963 1009.634 1009.305 1008.976 1008.646 1008.316 1007.985 1007.654 1007.323 1006.991 1006.659 1006.327
1027.76 1027.465 1027.17 1026.875 1026.578 1026.28 1025.982 1025.683 1025.383 1025.082 1024.781 1024.479 1024.176 1023.872 1023.567 1023.262 1022.956 1022.649 1022.342 1022.034 1021.725 1021.415 1021.105 1020.794 1020.482 1020.17 1019.857 1019.543 1019.229 1018.914 1018.599 1018.283 1017.966 1017.649 1017.331 1017.012 1016.693 1016.373 1016.053 1015.732 1015.411 1015.089 1014.767 1014.444 1014.121 1013.797 1013.472 1013.147 1012.822 1012.496 1012.17 1011.843 1011.516 1011.188 1010.86 1010.532 1010.203 1009.874 1009.544 1009.214 1008.884 1008.553 1008.222 1007.891 1007.559 1007.227 1006.894 1006.562
1028.028 1027.733 1027.438 1027.141 1026.844 1026.546 1026.247 1025.947 1025.647 1025.346 1025.044 1024.741 1024.437 1024.133 1023.828 1023.522 1023.216 1022.908 1022.6 1022.292 1021.982 1021.672 1021.361 1021.05 1020.738 1020.425 1020.112 1019.798 1019.483 1019.167 1018.851 1018.535 1018.218 1017.9 1017.581 1017.262 1016.943 1016.623 1016.302 1015.981 1015.659 1015.336 1015.014 1014.69 1014.366 1014.042 1013.717 1013.392 1013.066 1012.74 1012.413 1012.086 1011.758 1011.43 1011.101 1010.772 1010.443 1010.113 1009.783 1009.453 1009.122 1008.791 1008.459 1008.127 1007.795 1007.463 1007.13 1006.796
1028.296 1028.001 1027.705 1027.408 1027.11 1026.812 1026.512 1026.212 1025.911 1025.609 1025.307 1025.003 1024.699 1024.395 1024.089 1023.783 1023.476 1023.168 1022.859 1022.55 1022.24 1021.93 1021.618 1021.306 1020.994 1020.68 1020.366 1020.052 1019.737 1019.421 1019.104 1018.787 1018.469 1018.151 1017.832 1017.513 1017.193 1016.872 1016.551 1016.229 1015.907 1015.584 1015.261 1014.937 1014.612 1014.287 1013.962 1013.636 1013.31 1012.983 1012.656 1012.328 1012 1011.672 1011.343 1011.013 1010.683 1010.353 1010.023 1009.692 1009.36 1009.029 1008.697 1008.364 1008.032 1007.698 1007.365 1007.031
1028.565 1028.269 1027.972 1027.675 1027.376 1027.077 1026.777 1026.477 1026.175 1025.873 1025.57 1025.266 1024.962 1024.656 1024.35 1024.043 1023.736 1023.427 1023.118 1022.809 1022.498 1022.187 1021.875 1021.563 1021.25 1020.936 1020.622 1020.306 1019.991 1019.674 1019.357 1019.04 1018.721 1018.403 1018.083 1017.763 1017.443 1017.122 1016.8 1016.478 1016.155 1015.831 1015.508 1015.183 1014.859 1014.533 1014.207 1013.881 1013.554 1013.227 1012.899 1012.571 1012.242 1011.913 1011.584 1011.254 1010.924 1010.593 1010.262 1009.931 1009.599 1009.267 1008.934 1008.601 1008.268 1007.935 1007.601 1007.267
1028.833 1028.537 1028.24 1027.942 1027.643 1027.343 1027.043 1026.742 1026.44 1026.137 1025.833 1025.529 1025.224 1024.918 1024.611 1024.304 1023.996 1023.687 1023.378 1023.067 1022.756 1022.445 1022.133 1021.82 1021.506 1021.192 1020.877 1020.561 1020.245 1019.928 1019.61 1019.292 1018.974 1018.654 1018.334 1018.014 1017.693 1017.371 1017.049 1016.726 1016.403 1016.079 1015.755 1015.43 1015.105 1014.779 1014.453 1014.126 1013.799 1013.471 1013.143 1012.814 1012.485 1012.155 1011.825 1011.495 1011.164 1010.833 1010.502 1010.17 1009.838 1009.505 1009.172 1008.839 1008.505 1008.171 1007.837 1007.502
1029.102 1028.805 1028.508 1028.209 1027.91 1027.61 1027.309 1027.007 1026.704 1026.401 1026.097 1025.792 1025.486 1025.18 1024.873 1024.565 1024.256 1023.947 1023.637 1023.326 1023.015 1022.703 1022.39 1022.076 1021.762 1021.447 1021.132 1020.816 1020.499 1020.182 1019.864 1019.545 1019.226 1018.906 1018.586 1018.265 1017.943 1017.621 1017.298 1016.975 1016.651 1016.327 1016.002 1015.677 1015.351 1015.025 1014.698 1014.371 1014.043 1013.715 1013.386 1013.057 1012.728 1012.398 1012.067 1011.736 1011.405 1011.073 1010.741 1010.409 1010.076 1009.743 1009.41 1009.076 1008.742 1008.407 1008.073 1007.737
1029.371 1029.074 1028.776 1028.477 1028.177 1027.876 1027.574 1027.272 1026.969 1026.665 1026.36 1026.055 1025.749 1025.442 1025.134 1024.826 1024.517 1024.207 1023.897 1023.585 1023.273 1022.961 1022.647 1022.333 1022.019 1021.703 1021.387 1021.071 1020.754 1020.436 1020.117 1019.798 1019.478 1019.158 1018.837 1018.516 1018.194 1017.871 1017.548 1017.224 1016.9 1016.575 1016.25 1015.924 1015.598 1015.271 1014.944 1014.616 1014.288 1013.959 1013.63 1013.3 1012.97 1012.64 1012.309 1011.978 1011.646 1011.314 1010.981 1010.648 1010.315 1009.982 1009.648 1009.313 1008.979 1008.644 1008.309 1007.973
1029.641 1029.343 1029.044 1028.744 1028.444 1028.142 1027.84 1027.537 1027.234 1026.929 1026.624 1026.318 1026.012 1025.704 1025.396 1025.087 1024.778 1024.467 1024.156 1023.844 1023.532 1023.219 1022.905 1022.591 1022.275 1021.96 1021.643 1021.326 1021.008 1020.69 1020.371 1020.051 1019.731 1019.41 1019.089 1018.767 1018.444 1018.121 1017.798 1017.473 1017.149 1016.823 1016.498 1016.171 1015.845 1015.517 1015.19 1014.861 1014.533 1014.203 1013.874 1013.544 1013.213 1012.882 1012.551 1012.219 1011.887 1011.554 1011.221 1010.888 1010.554 1010.22 1009.886 1009.551 1009.216 1008.88 1008.545 1008.209
1029.91 1029.611 1029.312 1029.012 1028.711 1028.409 1028.106 1027.803 1027.499 1027.194 1026.888 1026.582 1026.275 1025.967 1025.658 1025.349 1025.038 1024.728 1024.416 1024.104 1023.791 1023.477 1023.163 1022.848 1022.532 1022.216 1021.899 1021.581 1021.263 1020.944 1020.625 1020.304 1019.984 1019.662 1019.341 1019.018 1018.695 1018.371 1018.047 1017.723 1017.397 1017.072 1016.745 1016.419 1016.091 1015.764 1015.435 1015.107 1014.777 1014.448 1014.118 1013.787 1013.456 1013.125 1012.793 1012.461 1012.128 1011.795 1011.461 1011.128 1010.793 1010.459 1010.124 1009.789 1009.453 1009.117 1008.781 1008.445
1030.179 1029.88 1029.58 1029.279 1028.978 1028.676 1028.372 1028.069 1027.764 1027.458 1027.152 1026.845 1026.538 1026.229 1025.92 1025.61 1025.299 1024.988 1024.676 1024.363 1024.05 1023.735 1023.421 1023.105 1022.789 1022.472 1022.154 1021.836 1021.518 1021.198 1020.878 1020.558 1020.236 1019.915 1019.592 1019.269 1018.946 1018.622 1018.297 1017.972 1017.646 1017.32 1016.993 1016.666 1016.338 1016.01 1015.681 1015.352 1015.022 1014.692 1014.362 1014.031 1013.699 1013.367 1013.035 1012.702 1012.369 1012.035 1011.702 1011.367 1011.033 1010.698 1010.362 1010.026 1009.69 1009.354 1009.017 1008.68
1030.448 1030.149 1029.849 1029.547 1029.245 1028.942 1028.639 1028.334 1028.029 1027.723 1027.416 1027.109 1026.801 1026.492 1026.182 1025.871 1025.56 1025.248 1024.936 1024.622 1024.308 1023.994 1023.678 1023.362 1023.046 1022.728 1022.41 1022.092 1021.772 1021.453 1021.132 1020.811 1020.489 1020.167 1019.844 1019.521 1019.197 1018.872 1018.547 1018.221 1017.895 1017.568 1017.241 1016.913 1016.585 1016.256 1015.927 1015.598 1015.267 1014.937 1014.606 1014.274 1013.942 1013.61 1013.277 1012.944 1012.61 1012.276 1011.942 1011.607 1011.272 1010.936 1010.601 1010.264 1009.928 1009.591 1009.254 1008.916
1030.718 1030.418 1030.117 1029.815 1029.512 1029.209 1028.905 1028.6 1028.294 1027.988 1027.68 1027.372 1027.064 1026.754 1026.444 1026.133 1025.821 1025.509 1025.196 1024.882 1024.567 1024.252 1023.936 1023.62 1023.303 1022.985 1022.666 1022.347 1022.027 1021.707 1021.386 1021.064 1020.742 1020.419 1020.096 1019.772 1019.448 1019.123 1018.797 1018.471 1018.144 1017.817 1017.489 1017.161 1016.832 1016.503 1016.173 1015.843 1015.512 1015.181 1014.85 1014.518 1014.185 1013.852 1013.519 1013.185 1012.851 1012.517 1012.182 1011.847 1011.511 1011.175 1010.839 1010.502 1010.165 1009.828 1009.49 1009.152
1030.988 1030.687 1030.385 1030.083 1029.78 1029.476 1029.171 1028.866 1028.559 1028.252 1027.945 1027.636 1027.327 1027.017 1026.706 1026.395 1026.082 1025.769 1025.456 1025.141 1024.826 1024.511 1024.194 1023.877 1023.56 1023.241 1022.922 1022.603 1022.282 1021.961 1021.64 1021.318 1020.995 1020.672 1020.348 1020.024 1019.699 1019.373 1019.047 1018.72 1018.393 1018.065 1017.737 1017.409 1017.079 1016.75 1016.419 1016.089 1015.758 1015.426 1015.094 1014.761 1014.429 1014.095 1013.761 1013.427 1013.093 1012.758 1012.422 1012.087 1011.751 1011.414 1011.077 1010.74 1010.403 1010.065 1009.727 1009.388
1031.257 1030.956 1030.654 1030.351 1030.047 1029.743 1029.438 1029.132 1028.825 1028.517 1028.209 1027.9 1027.59 1027.279 1026.968 1026.656 1026.343 1026.03 1025.716 1025.401 1025.085 1024.769 1024.452 1024.135 1023.817 1023.498 1023.178 1022.858 1022.537 1022.216 1021.894 1021.571 1021.248 1020.924 1020.6 1020.275 1019.95 1019.624 1019.297 1018.97 1018.642 1018.314 1017.985 1017.656 1017.326 1016.996 1016.666 1016.334 1016.003 1015.671 1015.338 1015.005 1014.672 1014.338 1014.004 1013.669 1013.334 1012.999 1012.663 1012.327 1011.99 1011.653 1011.316 1010.978 1010.64 1010.302 1009.963 1009.625
1031.527 1031.225 1030.922 1030.619 1030.315 1030.01 1029.704 1029.397 1029.09 1028.782 1028.473 1028.163 1027.853 1027.542 1027.23 1026.918 1026.604 1026.29 1025.976 1025.66 1025.344 1025.028 1024.71 1024.392 1024.073 1023.754 1023.434 1023.114 1022.792 1022.47 1022.148 1021.825 1021.501 1021.177 1020.852 1020.527 1020.201 1019.874 1019.547 1019.219 1018.891 1018.563 1018.233 1017.904 1017.573 1017.243 1016.912 1016.58 1016.248 1015.915 1015.582 1015.249 1014.915 1014.581 1014.246 1013.911 1013.575 1013.239 1012.903 1012.566 1012.229 1011.892 1011.554 1011.216 1010.878 1010.539 1010.2 1009.861
1031.796 1031.494 1031.191 1030.887 1030.582 1030.277 1029.97 1029.663 1029.355 1029.047 1028.737 1028.427 1028.116 1027.805 1027.492 1027.179 1026.865 1026.551 1026.236 1025.92 1025.603 1025.286 1024.968 1024.65 1024.33 1024.011 1023.69 1023.369 1023.047 1022.725 1022.402 1022.078 1021.754 1021.429 1021.104 1020.778 1020.452 1020.125 1019.797 1019.469 1019.14 1018.811 1018.481 1018.151 1017.821 1017.489 1017.158 1016.826 1016.493 1016.16 1015.826 1015.493 1015.158 1014.823 1014.488 1014.153 1013.817 1013.48 1013.143 1012.806 1012.469 1012.131 1011.793 1011.454 1011.115 1010.776 1010.437 1010.097
1032.066 1031.763 1031.459 1031.155 1030.849 1030.543 1030.237 1029.929 1029.621 1029.311 1029.002 1028.691 1028.379 1028.067 1027.754 1027.441 1027.127 1026.812 1026.496 1026.179 1025.862 1025.545 1025.226 1024.907 1024.588 1024.267 1023.946 1023.624 1023.302 1022.979 1022.656 1022.332 1022.007 1021.682 1021.356 1021.03 1020.703 1020.375 1020.047 1019.718 1019.389 1019.06 1018.729 1018.399 1018.068 1017.736 1017.404 1017.071 1016.738 1016.405 1016.071 1015.736 1015.401 1015.066 1014.731 1014.394 1014.058 1013.721 1013.384 1013.046 1012.708 1012.37 1012.031 1011.692 1011.353 1011.013 1010.673 1010.333
1032.335 1032.032 1031.728 1031.423 1031.117 1030.81 1030.503 1030.195 1029.886 1029.576 1029.266 1028.954 1028.643 1028.33 1028.016 1027.702 1027.388 1027.072 1026.756 1026.439 1026.121 1025.803 1025.484 1025.165 1024.844 1024.524 1024.202 1023.88 1023.557 1023.234 1022.91 1022.585 1022.26 1021.934 1021.608 1021.281 1020.953 1020.626 1020.297 1019.968 1019.638 1019.308 1018.977 1018.646 1018.315 1017.983 1017.65 1017.317 1016.983 1016.649 1016.315 1015.98 1015.645 1015.309 1014.973 1014.636 1014.299 1013.962 1013.624 1013.286 1012.948 1012.609 1012.27 1011.93 1011.59 1011.25 1010.91 1010.569
1032.605 1032.301 1031.996 1031.691 1031.384 1031.077 1030.769 1030.46 1030.151 1029.841 1029.53 1029.218 1028.906 1028.592 1028.279 1027.964 1027.649 1027.333 1027.016 1026.698 1026.38 1026.062 1025.742 1025.422 1025.101 1024.78 1024.458 1024.135 1023.812 1023.488 1023.164 1022.839 1022.513 1022.187 1021.86 1021.532 1021.204 1020.876 1020.547 1020.217 1019.887 1019.557 1019.225 1018.894 1018.562 1018.229 1017.896 1017.562 1017.228 1016.894 1016.559 1016.224 1015.888 1015.552 1015.215 1014.878 1014.54 1014.203 1013.864 1013.526 1013.187 1012.848 1012.508 1012.168 1011.828 1011.487 1011.146 1010.805
1032.874 1032.57 1032.265 1031.958 1031.651 1031.344 1031.035 1030.726 1030.416 1030.105 1029.794 1029.482 1029.169 1028.855 1028.541 1028.225 1027.91 1027.593 1027.276 1026.958 1026.639 1026.32 1026 1025.679 1025.358 1025.036 1024.714 1024.391 1024.067 1023.742 1023.417 1023.092 1022.766 1022.439 1022.112 1021.784 1021.455 1021.126 1020.797 1020.467 1020.136 1019.805 1019.473 1019.141 1018.809 1018.476 1018.142 1017.808 1017.473 1017.138 1016.803 1016.467 1016.131 1015.794 1015.457 1015.12 1014.782 1014.443 1014.105 1013.766 1013.426 1013.086 1012.746 1012.406 1012.065 1011.724 1011.383 1011.041
1033.144 1032.839 1032.533 1032.226 1031.919 1031.61 1031.301 1030.992 1030.681 1030.37 1030.058 1029.745 1029.432 1029.117 1028.802 1028.487 1028.17 1027.853 1027.536 1027.217 1026.898 1026.578 1026.258 1025.937 1025.615 1025.292 1024.969 1024.646 1024.322 1023.997 1023.671 1023.345 1023.018 1022.691 1022.363 1022.035 1021.706 1021.377 1021.047 1020.716 1020.385 1020.053 1019.721 1019.389 1019.055 1018.722 1018.388 1018.053 1017.718 1017.383 1017.047 1016.711 1016.374 1016.037 1015.699 1015.361 1015.023 1014.684 1014.345 1014.005 1013.665 1013.325 1012.985 1012.644 1012.302 1011.961 1011.619 1011.277
1033.413 1033.107 1032.801 1032.494 1032.186 1031.877 1031.567 1031.257 1030.946 1030.634 1030.322 1030.008 1029.694 1029.38 1029.064 1028.748 1028.431 1028.114 1027.795 1027.476 1027.157 1026.836 1026.515 1026.194 1025.871 1025.549 1025.225 1024.901 1024.576 1024.251 1023.925 1023.598 1023.271 1022.943 1022.615 1022.286 1021.957 1021.627 1021.296 1020.965 1020.634 1020.301 1019.969 1019.636 1019.302 1018.968 1018.634 1018.299 1017.963 1017.627 1017.291 1016.954 1016.617 1016.279 1015.941 1015.603 1015.264 1014.925 1014.585 1014.245 1013.905 1013.564 1013.223 1012.881 1012.54 1012.198 1011.855 1011.513
1033.682 1033.376 1033.069 1032.761 1032.453 1032.143 1031.833 1031.522 1031.211 1030.899 1030.585 1030.272 1029.957 1029.642 1029.326 1029.009 1028.692 1028.374 1028.055 1027.735 1027.415 1027.094 1026.773 1026.451 1026.128 1025.805 1025.481 1025.156 1024.831 1024.505 1024.178 1023.851 1023.523 1023.195 1022.866 1022.537 1022.207 1021.877 1021.546 1021.214 1020.882 1020.55 1020.216 1019.883 1019.549 1019.214 1018.879 1018.544 1018.208 1017.871 1017.535 1017.197 1016.86 1016.521 1016.183 1015.844 1015.505 1015.165 1014.825 1014.484 1014.144 1013.802 1013.461 1013.119 1012.777 1012.434 1012.091 1011.748
1033.951 1033.644 1033.337 1033.029 1032.719 1032.41 1032.099 1031.788 1031.476 1031.163 1030.849 1030.535 1030.22 1029.904 1029.587 1029.27 1028.952 1028.634 1028.314 1027.994 1027.674 1027.352 1027.03 1026.708 1026.384 1026.06 1025.736 1025.411 1025.085 1024.759 1024.432 1024.104 1023.776 1023.447 1023.118 1022.788 1022.458 1022.127 1021.795 1021.463 1021.131 1020.798 1020.464 1020.13 1019.795 1019.46 1019.125 1018.789 1018.452 1018.116 1017.778 1017.44 1017.102 1016.764 1016.425 1016.085 1015.745 1015.405 1015.065 1014.724 1014.382 1014.041 1013.699 1013.356 1013.014 1012.671 1012.327 1011.984
1034.22 1033.913 1033.604 1033.296 1032.986 1032.676 1032.365 1032.053 1031.74 1031.427 1031.113 1030.798 1030.482 1030.166 1029.849 1029.531 1029.213 1028.893 1028.574 1028.253 1027.932 1027.61 1027.288 1026.964 1026.641 1026.316 1025.991 1025.666 1025.339 1025.012 1024.685 1024.357 1024.028 1023.699 1023.369 1023.039 1022.708 1022.376 1022.044 1021.712 1021.379 1021.045 1020.711 1020.377 1020.042 1019.706 1019.37 1019.034 1018.697 1018.36 1018.022 1017.684 1017.345 1017.006 1016.666 1016.326 1015.986 1015.646 1015.304 1014.963 1014.621 1014.279 1013.937 1013.594 1013.251 1012.907 1012.563 1012.219
1034.488 1034.181 1033.872 1033.563 1033.253 1032.942 1032.63 1032.318 1032.004 1031.691 1031.376 1031.06 1030.744 1030.427 1030.11 1029.792 1029.473 1029.153 1028.833 1028.512 1028.19 1027.868 1027.545 1027.221 1026.897 1026.572 1026.246 1025.92 1025.593 1025.266 1024.938 1024.609 1024.28 1023.951 1023.62 1023.289 1022.958 1022.626 1022.294 1021.961 1021.627 1021.293 1020.959 1020.624 1020.288 1019.952 1019.616 1019.279 1018.941 1018.603 1018.265 1017.926 1017.587 1017.248 1016.908 1016.567 1016.227 1015.885 1015.544 1015.202 1014.86 1014.517 1014.174 1013.831 1013.487 1013.143 1012.799 1012.455
