MyMainGIS/bin/Debug/Data/DLS_Input/highRisk_ecology/sc1gr7.grid
ncols         442
nrows         735
xllcorner     -502080.37185814
yllcorner     2671876.5851211
cellsize      100
NODATA_value  -9999
[rows 120 to 159 of 735, columns 90 to 179 of 442]
-9999 -9999 -9999 -9999 -9999 -9999 -9999 -9999 -9999 -9999 -9999 -9999 -9999 -9999 -9999 47 47 47 47 47 -9999 -9999 -9999 -9999 -9999 -9999 -9999 -9999 -9999 -9999 -9999 27 27 27 27 27 27 27 27 27 53 53 53 53 53 53 53 53 53 53 79 79 79 79 79 79 79 79 79 79 57 57 57 57 57 57 57 57 57 57 25 25 25 25 25 25 25 25 25 25 31 31 31 31 31 31 31 31 31 31
-9999 -9999 -9999 -9999 -9999 -9999 -9999 -9999 -9999 -9999 -9999 -9999 -9999 -9999 -9999 -9999 47 47 47 47 41 41 41 41 41 41 -9999 -9999 -9999 -9999 -9999 -9999 27 27 27 27 27 27 27 27 53 53 53 53 53 53 53 53 53 53 79 79 79 79 79 79 79 79 79 79 57 57 57 57 57 57 57 57 57 57 25 25 25 25 25 25 25 25 25 25 31 31 31 31 31 31 31 31 31 31
-9999 -9999 -9999 -9999 -9999 -9999 -9999 -9999 -9999 -9999 -9999 -9999 -9999 -9999 -9999 -9999 -9999 47 47 47 41 41 41 41 41 41 41 41 41 41 27 27 27 27 27 27 27 27 27 27 53 53 53 53 53 53 53 53 53 53 79 79 79 79 79 79 79 79 79 79 57 57 57 57 57 57 57 57 57 57 25 25 25 25 25 25 25 25 25 25 31 31 31 31 31 31 31 31 31 31
-9999 -9999 -9999 -9999 -9999 -9999 -9999 -9999 -9999 -9999 -9999 -9999 -9999 -9999 -9999 -9999 -9999 -9999 47 47 41 41 41 41 41 41 41 41 41 41 27 27 27 27 27 27 27 27 27 27 53 53 53 53 53 53 53 53 53 53 79 79 79 79 79 79 79 79 79 79 57 57 57 57 57 57 57 57 57 57 25 25 25 25 25 25 25 25 25 25 31 31 31 31 31 31 31 31 31 31
-9999 -9999 -9999 -9999 -9999 -9999 -9999 -9999 -9999 -9999 -9999 -9999 -9999 -9999 -9999 -9999 -9999 -9999 63 63 141 141 141 141 141 141 141 141 141 141 196 196 196 196 196 196 196 196 196 196 87 87 87 87 87 87 87 87 87 87 210 210 210 210 210 210 210 210 210 210 156 156 156 156 156 156 156 156 156 156 61 61 61 61 61 61 61 61 61 61 32 32 32 32 32 32 32 32 32 32
-9999 -9999 -9999 -9999 -9999 -9999 -9999 -9999 -9999 -9999 -9999 -9999 -9999 -9999 -9999 -9999 -9999 -9999 -9999 63 141 141 141 141 141 141 141 141 141 141 196 196 196 196 196 196 196 196 196 196 87 87 87 87 87 87 87 87 87 87 210 210 210 210 210 210 210 210 210 210 156 156 156 156 156 156 156 156 156 156 61 61 61 61 61 61 61 61 61 61 32 32 32 32 32 32 32 32 32 32
-9999 -9999 -9999 -9999 -9999 -9999 -9999 -9999 -9999 -9999 -9999 -9999 -9999 -9999 -9999 -9999 -9999 -9999 -9999 -9999 141 141 141 141 141 141 141 141 141 141 196 196 196 196 196 196 196 196 196 196 87 87 87 87 87 87 87 87 87 87 210 210 210 210 210 210 210 210 210 210 156 156 156 156 156 156 156 156 156 156 61 61 61 61 61 61 61 61 61 61 32 32 32 32 32 32 32 32 32 32
-9999 -9999 -9999 -9999 -9999 -9999 -9999 -9999 -9999 -9999 -9999 -9999 -9999 -9999 -9999 -9999 -9999 -9999 -9999 -9999 141 141 141 141 141 141 141 141 141 141 196 196 196 196 196 196 196 196 196 196 87 87 87 87 87 87 87 87 87 87 210 210 210 210 210 210 210 210 210 210 156 156 156 156 156 156 156 156 156 156 61 61 61 61 61 61 61 61 61 61 32 32 32 32 32 32 32 32 32 32
-9999 -9999 -9999 -9999 -9999 -9999 -9999 -9999 -9999 -9999 -9999 -9999 -9999 -9999 -9999 -9999 -9999 -9999 -9999 -9999 -9999 141 141 141 141 141 141 141 141 141 196 196 196 196 196 196 196 196 196 196 87 87 87 87 87 87 87 87 87 87 210 210 210 210 210 210 210 210 210 210 156 156 156 156 156 156 156 156 156 156 61 61 61 61 61 61 61 61 61 61 32 32 32 32 32 32 32 32 32 32
-9999 -9999 -9999 -9999 -9999 -9999 -9999 -9999 -9999 -9999 -9999 -9999 -9999 -9999 -9999 -9999 -9999 -9999 -9999 -9999 -9999 141 141 141 141 141 141 141 141 141 196 196 196 196 196 196 196 196 196 196 87 87 87 87 87 87 87 87 87 87 210 210 210 210 210 210 210 210 210 210 156 156 156 156 156 156 156 156 156 156 61 61 61 61 61 61 61 61 61 61 32 32 32 32 32 32 32 32 32 32
-9999 -9999 -9999 -9999 -9999 -9999 -9999 -9999 -9999 -9999 -9999 -9999 -9999 -9999 -9999 -9999 -9999 -9999 -9999 -9999 -9999 141 141 141 141 141 141 141 141 141 196 196 196 196 196 196 196 196 196 196 87 87 87 87 87 87 87 87 87 87 210 210 210 210 210 210 210 210 210 210 156 156 156 156 156 156 156 156 156 156 61 61 61 61 61 61 61 61 61 61 32 32 32 32 32 32 32 32 32 32
-9999 -9999 -9999 -9999 -9999 -9999 -9999 -9999 -9999 -9999 -9999 -9999 -9999 -9999 -9999 -9999 -9999 -9999 -9999 -9999 141 141 141 141 141 141 141 141 141 141 196 196 196 196 196 196 196 196 196 196 87 87 87 87 87 87 87 87 87 87 210 210 210 210 210 210 210 210 210 210 156 156 156 156 156 156 156 156 156 156 61 61 61 61 61 61 61 61 61 61 32 32 32 32 32 32 32 32 32 32
-9999 -9999 -9999 -9999 -9999 -9999 -9999 -9999 -9999 -9999 -9999 -9999 -9999 -9999 -9999 -9999 -9999 -9999 -9999 63 141 141 141 141 141 141 141 141 141 141 196 196 196 196 196 196 196 196 196 196 87 87 87 87 87 87 87 87 87 87 210 210 210 210 210 210 210 210 210 210 156 156 156 156 156 156 156 156 156 156 61 61 61 61 61 61 61 61 61 61 32 32 32 32 32 32 32 32 32 32
-9999 -9999 -9999 -9999 -9999 -9999 -9999 -9999 -9999 -9999 -9999 -9999 -9999 -9999 -9999 -9999 -9999 -9999 63 63 141 141 141 141 141 141 141 141 141 141 196 196 196 196 196 196 196 196 196 196 87 87 87 87 87 87 87 87 87 87 210 210 210 210 210 210 210 210 210 210 156 156 156 156 156 156 156 156 156 156 61 61 61 61 61 61 61 61 61 61 32 32 32 32 32 32 32 32 32 32
32 32 -9999 -9999 -9999 -9999 -9999 -9999 -9999 -9999 65 65 65 65 65 65 65 65 65 65 124 124 124 124 124 124 124 124 124 124 141 141 141 141 141 141 141 141 141 141 150 150 150 150 150 150 150 150 150 150 63 63 63 63 63 63 63 63 63 63 81 81 81 81 81 81 81 81 81 81 103 103 103 103 103 103 103 103 103 103 31 31 31 31 31 31 31 31 31 31
32 32 32 32 32 32 32 32 32 32 65 65 65 65 65 65 65 65 65 65 124 124 124 124 124 124 124 124 124 124 141 141 141 141 141 141 141 141 141 141 150 150 150 150 150 150 150 150 150 150 63 63 63 63 63 63 63 63 63 63 81 81 81 81 81 81 81 81 81 81 103 103 103 103 103 103 103 103 103 103 31 31 31 31 31 31 31 31 31 31
32 32 32 32 32 32 32 32 32 32 65 65 65 65 65 65 65 65 65 65 124 124 124 124 124 124 124 124 124 124 141 141 141 141 141 141 141 141 141 141 150 150 150 150 150 150 150 150 150 150 63 63 63 63 63 63 63 63 63 63 81 81 81 81 81 81 81 81 81 81 103 103 103 103 103 103 103 103 103 103 31 31 31 31 31 31 31 31 31 31
32 32 32 32 32 32 32 32 32 32 65 65 65 65 65 65 65 65 65 65 124 124 124 124 124 124 124 124 124 124 141 141 141 141 141 141 141 141 141 141 150 150 150 150 150 150 150 150 150 150 63 63 63 63 63 63 63 63 63 63 81 81 81 81 81 81 81 81 81 81 103 103 103 103 103 103 103 103 103 103 31 31 31 31 31 31 31 31 31 31
32 32 32 32 32 32 32 32 32 32 65 65 65 65 65 65 65 65 65 65 124 124 124 124 124 124 124 124 124 124 141 141 141 141 141 141 141 141 141 141 150 150 150 150 150 150 150 150 150 150 63 63 63 63 63 63 63 63 63 63 81 81 81 81 81 81 81 81 81 81 103 103 103 103 103 103 103 103 103 103 31 31 31 31 31 31 31 31 31 31
32 32 32 32 32 32 32 32 32 32 65 65 65 65 65 65 65 65 65 65 124 124 124 124 124 124 124 124 124 124 141 141 141 141 141 141 141 141 141 141 150 150 150 150 150 150 150 150 150 150 63 63 63 63 63 63 63 63 63 63 81 81 81 81 81 81 81 81 81 81 103 103 103 103 103 103 103 103 103 103 31 31 31 31 31 31 31 31 31 31
32 32 32 32 32 32 32 32 32 32 65 65 65 65 65 65 65 65 65 65 124 124 124 124 124 124 124 124 124 124 141 141 141 141 141 141 141 141 141 141 150 150 150 150 150 150 150 150 150 150 63 63 63 63 63 63 63 63 63 63 81 81 81 81 81 81 81 81 81 81 103 103 103 103 103 103 103 103 103 103 31 31 31 31 31 31 31 31 31 31
32 32 32 32 32 32 32 32 32 32 65 65 65 65 65 65 65 65 65 65 124 124 124 124 124 124 124 124 124 124 141 141 141 141 141 141 141 141 141 141 150 150 150 150 150 150 150 150 150 150 63 63 63 63 63 63 63 63 63 63 81 81 81 81 81 81 81 81 81 81 103 103 103 103 103 103 103 103 103 103 31 31 31 31 31 31 31 31 31 31
32 32 32 32 32 32 32 32 32 32 65 65 65 65 65 65 65 65 65 65 124 124 124 124 124 124 124 124 124 124 141 141 141 141 141 141 141 141 141 141 150 150 150 150 150 150 150 150 150 150 63 63 63 63 63 63 63 63 63 63 81 81 81 81 81 81 81 81 81 81 103 103 103 103 103 103 103 103 103 103 31 31 31 31 31 31 31 31 31 31
32 32 32 32 32 32 32 32 32 32 65 65 65 65 65 65 65 65 65 65 124 124 124 124 124 124 124 124 124 124 141 141 141 141 141 141 141 141 141 141 150 150 150 150 150 150 150 150 150 150 63 63 63 63 63 63 63 63 63 63 81 81 81 81 81 81 81 81 81 81 103 103 103 103 103 103 103 103 103 103 31 31 31 31 31 31 31 31 31 31
16 16 16 16 16 16 16 16 16 16 49 49 49 49 49 49 49 49 49 49 156 156 156 156 156 156 156 156 156 156 47 47 47 47 47 47 47 47 47 47 48 48 48 48 48 48 48 48 48 48 49 49 49 49 49 49 49 49 49 49 60 60 60 60 60 60 60 60 60 60 163 163 163 163 163 163 163 163 163 163 28 28 28 28 28 28 28 28 28 28
16 16 16 16 16 16 16 16 16 16 49 49 49 49 49 49 49 49 49 49 156 156 156 156 156 156 156 156 156 156 47 47 47 47 47 47 47 47 47 47 48 48 48 48 48 48 48 48 48 48 49 49 49 49 49 49 49 49 49 49 60 60 60 60 60 60 60 60 60 60 163 163 163 163 163 163 163 163 163 163 28 28 28 28 28 28 28 28 28 28
16 16 16 16 16 16 16 16 16 16 49 49 49 49 49 49 49 49 49 49 156 156 156 156 156 156 156 156 156 156 47 47 47 47 47 47 47 47 47 47 48 48 48 48 48 48 48 48 48 48 49 49 49 49 49 49 49 49 49 49 60 60 60 60 60 60 60 60 60 60 163 163 163 163 163 163 163 163 163 163 28 28 28 28 28 28 28 28 28 28
16 16 16 16 16 16 16 16 16 16 49 49 49 49 49 49 49 49 49 49 156 156 156 156 156 156 156 156 156 156 47 47 47 47 47 47 47 47 47 47 48 48 48 48 48 48 48 48 48 48 49 49 49 49 49 49 49 49 49 49 60 60 60 60 60 60 60 60 60 60 163 163 163 163 163 163 163 163 163 163 28 28 28 28 28 28 28 28 28 28
16 16 16 16 16 16 16 16 16 16 49 49 49 49 49 49 49 49 49 49 156 156 156 156 156 156 156 156 156 156 47 47 47 47 47 47 47 47 47 47 48 48 48 48 48 48 48 48 48 48 49 49 49 49 49 49 49 49 49 49 60 60 60 60 60 60 60 60 60 60 163 163 163 163 163 163 163 163 163 163 28 28 28 28 28 28 28 28 28 28
16 16 16 16 16 16 16 16 16 16 49 49 49 49 49 49 49 49 49 49 156 156 156 156 156 156 156 156 156 156 47 47 47 47 47 47 47 47 47 47 48 48 48 48 48 48 48 48 48 48 49 49 49 49 49 49 49 49 49 49 60 60 60 60 60 60 60 60 60 60 163 163 163 163 163 163 163 163 163 163 28 28 28 28 28 28 28 28 28 28
16 16 16 16 16 16 16 16 16 16 49 49 49 49 49 49 49 49 49 49 156 156 156 156 156 156 156 156 156 156 47 47 47 47 47 47 47 47 47 47 48 48 48 48 48 48 48 48 48 48 49 49 49 49 49 49 49 49 49 49 60 60 60 60 60 60 60 60 60 60 163 163 163 163 163 163 163 163 163 163 28 28 28 28 28 28 28 28 28 28
16 16 16 16 16 16 16 16 16 16 49 49 49 49 49 49 49 49 49 49 156 156 156 156 156 156 156 156 156 156 47 47 47 47 47 47 47 47 47 47 48 48 48 48 48 48 48 48 48 48 49 49 49 49 49 49 49 49 49 49 60 60 60 60 60 60 60 60 60 60 163 163 163 163 163 163 163 163 163 163 28 28 28 28 28 28 28 28 28 28
16 16 16 16 16 16 16 16 16 16 49 49 49 49 49 49 49 49 49 49 156 156 156 156 156 156 156 156 156 156 47 47 47 47 47 47 47 47 47 47 48 48 48 48 48 48 48 48 48 48 49 49 49 49 49 49 49 49 49 49 60 60 60 60 60 60 60 60 60 60 163 163 163 163 163 163 163 163 163 163 28 28 28 28 28 28 28 28 28 28
16 16 16 16 16 16 16 16 16 16 49 49 49 49 49 49 49 49 49 49 156 156 156 156 156 156 156 156 156 156 47 47 47 47 47 47 47 47 47 47 48 48 48 48 48 48 48 48 48 48 49 49 49 49 49 49 49 49 49 49 60 60 60 60 60 60 60 60 60 60 163 163 163 163 163 163 163 163 163 163 28 28 28 28 28 28 28 28 28 28
2 2 2 2 2 2 2 2 2 2 8 8 8 8 8 8 8 8 8 8 20 20 20 20 20 20 20 20 20 20 50 50 50 50 50 50 50 50 50 50 39 39 39 39 39 39 39 39 39 39 19 19 19 19 19 19 19 19 19 19 23 23 23 23 23 23 23 23 23 23 74 74 74 74 74 74 74 74 74 74 18 18 18 18 18 18 18 18 18 18
2 2 2 2 2 2 2 2 2 2 8 8 8 8 8 8 8 8 8 8 20 20 20 20 20 20 20 20 20 20 50 50 50 50 50 50 50 50 50 50 39 39 39 39 39 39 39 39 39 39 19 19 19 19 19 19 19 19 19 19 23 23 23 23 23 23 23 23 23 23 74 74 74 74 74 74 74 74 74 74 18 18 18 18 18 18 18 18 18 18
2 2 2 2 2 2 2 2 2 2 8 8 8 8 8 8 8 8 8 8 20 20 20 20 20 20 20 20 20 20 50 50 50 50 50 50 50 50 50 50 39 39 39 39 39 39 39 39 39 39 19 19 19 19 19 19 19 19 19 19 23 23 23 23 23 23 23 23 23 23 74 74 74 74 74 74 74 74 74 74 18 18 18 18 18 18 18 18 18 18
2 2 2 2 2 2 2 2 2 2 8 8 8 8 8 8 8 8 8 8 20 20 20 20 20 20 20 20 20 20 50 50 50 50 50 50 50 50 50 50 39 39 39 39 39 39 39 39 39 39 19 19 19 19 19 19 19 19 19 19 23 23 23 23 23 23 23 23 23 23 74 74 74 74 74 74 74 74 74 74 18 18 18 18 18 18 18 18 18 18
2 2 2 2 2 2 2 2 2 2 8 8 8 8 8 8 8 8 8 8 20 20 20 20 20 20 20 20 20 20 50 50 50 50 50 50 50 50 50 50 39 39 39 39 39 39 39 39 39 39 19 19 19 19 19 19 19 19 19 19 23 23 23 23 23 23 23 23 23 23 74 74 74 74 74 74 74 74 74 74 18 18 18 18 18 18 18 18 18 18
2 2 2 2 2 2 2 2 2 2 8 8 8 8 8 8 8 8 8 8 20 20 20 20 20 20 20 20 20 20 50 50 50 50 50 50 50 50 50 50 39 39 39 39 39 39 39 39 39 39 19 19 19 19 19 19 19 19 19 19 23 23 23 23 23 23 23 23 23 23 74 74 74 74 74 74 74 74 74 74 18 18 18 18 18 18 18 18 18 18
