MyMainGIS/bin/Debug/Data/DLS_Input/highRisk_ecology/sc1gr6.grid
ncols         442
nrows         735
xllcorner     -502080.37185814
yllcorner     2671876.5851211
cellsize      100
NODATA_value  -9999
[rows 372 to 402 of 735, columns 204 to 271 of 442]
985.9945 985.7023 985.4099 985.1171 984.8242 984.531 984.2376 983.944 983.6503 983.3563 983.0621 982.7679 982.4734 982.1789 981.8842 981.5895 981.2946 980.9996 980.7046 980.4095 980.1144 979.8192 979.524 979.2288 978.9337 978.6384 978.3433 978.0482 977.7531 977.4581 977.1631 976.8683 976.5735 976.2789 975.9844 975.69 975.3958 975.1017 974.8077 974.514 974.2205 973.9271 973.634 973.3411 973.0485 972.756 972.4639 972.172 971.8804 971.5891 971.2981 971.0074 970.7171 970.4271 970.1375 969.8482 969.5593 969.2708 968.9827 968.6949 968.4077 968.1208 967.8345 967.5485 967.263 966.978 966.6935 966.4095
986.1589 985.8663 985.5735 985.2805 984.9872 984.6937 984.4 984.1061 983.812 983.5176 983.2232 982.9286 982.6339 982.339 982.0439 981.7488 981.4536 981.1583 980.863 980.5676 980.2721 979.9766 979.6811 979.3856 979.09 978.7945 978.499 978.2036 977.9081 977.6127 977.3175 977.0223 976.7272 976.4322 976.1373 975.8426 975.548 975.2535 974.9592 974.6652 974.3713 974.0776 973.7841 973.4908 973.1978 972.905 972.6124 972.3202 972.0283 971.7366 971.4453 971.1542 970.8635 970.5731 970.2831 969.9934 969.7041 969.4152 969.1268 968.8387 968.551 968.2638 967.977 967.6906 967.4048 967.1194 966.8344 966.55
986.3243 986.0315 985.7383 985.445 985.1514 984.8575 984.5635 984.2692 983.9747 983.6802 983.3854 983.0904 982.7953 982.5001 982.2048 981.9093 981.6138 981.3181 981.0224 980.7267 980.4308 980.135 979.8392 979.5433 979.2474 978.9515 978.6557 978.3599 978.0641 977.7684 977.4728 977.1772 976.8818 976.5864 976.2912 975.9961 975.7012 975.4064 975.1117 974.8173 974.523 974.2289 973.9351 973.6415 973.3481 973.0549 972.762 972.4694 972.1771 971.885 971.5933 971.3019 971.0108 970.72 970.4296 970.1396 969.85 969.5607 969.2718 968.9833 968.6953 968.4077 968.1204 967.8337 967.5474 967.2616 966.9763 966.6915
986.4909 986.1977 985.9042 985.6105 985.3166 985.0224 984.728 984.4334 984.1387 983.8437 983.5486 983.2532 982.9578 982.6623 982.3666 982.0708 981.7749 981.4789 981.1829 980.8868 980.5906 980.2945 979.9982 979.702 979.4058 979.1096 978.8134 978.5172 978.2211 977.925 977.6291 977.3332 977.0374 976.7417 976.4461 976.1506 975.8553 975.5602 975.2652 974.9703 974.6757 974.3813 974.0871 973.7931 973.4993 973.2058 972.9125 972.6196 972.3268 972.0345 971.7423 971.4506 971.1591 970.8679 970.5771 970.2867 969.9967 969.707 969.4178 969.1289 968.8405 968.5524 968.2648 967.9777 967.691 967.4048 967.1191 966.8339
986.6585 986.365 986.0712 985.7772 985.4828 985.1884 984.8936 984.5987 984.3036 984.0083 983.7128 983.4172 983.1214 982.8255 982.5295 982.2333 981.9371 981.6408 981.3444 981.048 980.7515 980.455 980.1584 979.8618 979.5652 979.2687 978.9721 978.6756 978.3792 978.0828 977.7864 977.4902 977.194 976.8979 976.602 976.3062 976.0105 975.715 975.4197 975.1245 974.8295 974.5347 974.2401 973.9457 973.6516 973.3577 973.064 972.7707 972.4776 972.1848 971.8923 971.6002 971.3083 971.0168 970.7256 970.4348 970.1443 969.8543 969.5646 969.2754 968.9865 968.6981 968.4102 968.1226 967.8355 967.549 967.2628 966.9772
986.8272 986.5334 986.2393 985.9448 985.6502 985.3553 985.0603 984.765 984.4695 984.1739 983.8781 983.5821 983.286 982.9898 982.6934 982.3969 982.1003 981.8037 981.507 981.2101 980.9133 980.6165 980.3195 980.0226 979.7257 979.4288 979.1319 978.835 978.5382 978.2415 977.9448 977.6481 977.3516 977.0552 976.7589 976.4627 976.1667 975.8708 975.5751 975.2795 974.9842 974.689 974.394 974.0993 973.8048 973.5105 973.2166 972.9228 972.6293 972.3361 972.0433 971.7507 971.4585 971.1666 970.8751 970.5838 970.293 970.0026 969.7125 969.4229 969.1336 968.8448 968.5564 968.2684 967.981 967.694 967.4074 967.1213
986.997 986.7028 986.4083 986.1136 985.8186 985.5234 985.228 984.9324 984.6366 984.3406 984.0444 983.7481 983.4517 983.1551 982.8584 982.5615 982.2646 981.9677 981.6705 981.3734 981.0762 980.7789 980.4817 980.1844 979.8871 979.5898 979.2926 978.9954 978.6982 978.4011 978.1041 977.8071 977.5102 977.2134 976.9167 976.6202 976.3238 976.0276 975.7315 975.4355 975.1398 974.8443 974.549 974.2538 973.959 973.6643 973.3699 973.0759 972.782 972.4885 972.1952 971.9022 971.6096 971.3173 971.0254 970.7338 970.4426 970.1517 969.8613 969.5712 969.2816 968.9923 968.7036 968.4152 968.1273 967.8399 967.5529 967.2665
987.1678 986.8733 986.5785 986.2834 985.9881 985.6926 985.3968 985.1008 984.8047 984.5083 984.2119 983.9152 983.6183 983.3214 983.0244 982.7272 982.4299 982.1326 981.8351 981.5377 981.2401 980.9425 980.6449 980.3472 980.0496 979.752 979.4544 979.1568 978.8593 978.5618 978.2644 977.967 977.6698 977.3727 977.0756 976.7787 976.4819 976.1853 975.8889 975.5926 975.2964 975.0005 974.7048 974.4094 974.1141 973.8191 973.5244 973.2298 972.9356 972.6417 972.348 972.0547 971.7617 971.469 971.1766 970.8846 970.593 970.3018 970.0109 969.7205 969.4305 969.1408 968.8516 968.5629 968.2745 967.9868 967.6994 967.4125
987.3397 987.0448 986.7496 986.4542 986.1586 985.8627 985.5666 985.2703 984.9738 984.6771 984.3802 984.0833 983.7861 983.4888 983.1914 982.8939 982.5963 982.2985 982.0007 981.7029 981.405 981.1071 980.8091 980.5111 980.2131 979.9151 979.6171 979.3192 979.0213 978.7234 978.4257 978.128 977.8304 977.5329 977.2355 976.9382 976.6411 976.3441 976.0472 975.7505 975.4541 975.1578 974.8617 974.5659 974.2702 973.9748 973.6796 973.3848 973.0901 972.7958 972.5018 972.2081 971.9147 971.6216 971.3289 971.0365 970.7444 970.4528 970.1616 969.8707 969.5802 969.2902 969.0006 968.7114 968.4227 968.1345 967.8467 967.5594
987.5127 987.2175 986.9219 986.6262 986.3301 986.0339 985.7374 985.4408 985.144 984.8469 984.5497 984.2524 983.9548 983.6572 983.3594 983.0615 982.7636 982.4655 982.1674 981.8691 981.5709 981.2726 980.9742 980.6759 980.3776 980.0792 979.7809 979.4825 979.1843 978.8861 978.588 978.2899 977.9919 977.694 977.3963 977.0986 976.8011 976.5037 976.2065 975.9095 975.6127 975.316 975.0195 974.7233 974.4272 974.1315 973.8359 973.5406 973.2457 972.9509 972.6565 972.3624 972.0686 971.7751 971.482 971.1892 970.8968 970.6047 970.313 970.0218 969.731 969.4405 969.1505 968.8609 968.5718 968.2831 967.9949 967.7072
987.6867 987.3911 987.0952 986.7991 986.5027 986.2062 985.9094 985.6124 985.3151 985.0178 984.7202 984.4225 984.1246 983.8266 983.5285 983.2303 982.9319 982.6335 982.335 982.0364 981.7379 981.4391 981.1404 980.8417 980.543 980.2443 979.9456 979.647 979.3483 979.0497 978.7513 978.4528 978.1545 977.8562 977.558 977.2601 976.9622 976.6644 976.3668 976.0694 975.7722 975.4752 975.1783 974.8817 974.5853 974.2891 973.9932 973.6975 973.4021 973.107 972.8122 972.5176 972.2234 971.9296 971.636 971.3428 971.05 970.7576 970.4655 970.1738 969.8826 969.5917 969.3013 969.0113 968.7217 968.4326 968.144 967.8559
987.8618 987.5658 987.2696 986.9731 986.6764 986.3794 986.0823 985.7849 985.4874 985.1896 984.8917 984.5936 984.2954 983.9971 983.6985 983.4 983.1013 982.8025 982.5036 982.2047 981.9057 981.6067 981.3077 981.0086 980.7095 980.4104 980.1113 979.8123 979.5133 979.2144 978.9155 978.6167 978.318 978.0193 977.7208 977.4224 977.1241 976.826 976.5281 976.2303 975.9327 975.6352 975.338 975.041 974.7442 974.4476 974.1513 973.8553 973.5594 973.264 972.9688 972.6738 972.3792 972.085 971.791 971.4974 971.2042 970.9113 970.6188 970.3268 970.0351 969.7438 969.4529 969.1625 968.8726 968.5831 968.294 968.0054
988.0378 987.7415 987.4449 987.1481 986.8511 986.5537 986.2562 985.9585 985.6606 985.3625 985.0642 984.7658 984.4672 984.1685 983.8696 983.5707 983.2717 982.9725 982.6733 982.374 982.0746 981.7753 981.4758 981.1764 980.877 980.5775 980.2781 979.9786 979.6793 979.38 979.0807 978.7816 978.4824 978.1834 977.8845 977.5858 977.2871 976.9886 976.6902 976.3921 976.0941 975.7963 975.4987 975.2012 974.9041 974.6071 974.3104 974.0139 973.7178 973.4219 973.1263 972.8309 972.5359 972.2413 971.9469 971.6529 971.3593 971.066 970.7731 970.4806 970.1885 969.8968 969.6055 969.3147 969.0244 968.7344 968.4449 968.1559
988.215 987.9183 987.6213 987.3242 987.0267 986.7291 986.4312 986.1331 985.8348 985.5364 985.2378 984.939 984.64 984.3409 984.0417 983.7424 983.443 983.1435 982.8439 982.5443 982.2446 981.9448 981.645 981.3452 981.0453 980.7455 980.4457 980.1459 979.8462 979.5465 979.2469 978.9474 978.6478 978.3485 978.0492 977.7501 977.451 977.1522 976.8534 976.5549 976.2565 975.9583 975.6602 975.3624 975.0649 974.7675 974.4704 974.1736 973.877 973.5807 973.2847 972.989 972.6935 972.3984 972.1038 971.8093 971.5153 971.2216 970.9283 970.6353 970.3428 970.0507 969.759 969.4677 969.1769 968.8866 968.5967 968.3072
988.3931 988.0961 987.7988 987.5012 987.2034 986.9055 986.6072 986.3088 986.0101 985.7113 985.4123 985.1132 984.8138 984.5144 984.2148 983.9152 983.6154 983.3155 983.0155 982.7155 982.4154 982.1153 981.8151 981.515 981.2148 980.9146 980.6144 980.3143 980.0142 979.7141 979.4141 979.1141 978.8143 978.5145 978.2148 977.9153 977.6159 977.3166 977.0175 976.7186 976.4197 976.1212 975.8228 975.5245 975.2266 974.9288 974.6313 974.3341 974.0371 973.7404 973.444 973.1479 972.8521 972.5566 972.2614 971.9666 971.6721 971.3781 971.0843 970.791 970.498 970.2055 969.9134 969.6217 969.3304 969.0396 968.7493 968.4594
988.5723 988.2749 987.9772 987.6793 987.3812 987.0828 986.7842 986.4854 986.1864 985.8872 985.5878 985.2883 984.9886 984.6888 984.3889 984.0889 983.7887 983.4885 983.1881 982.8877 982.5873 982.2867 981.9863 981.6857 981.3851 981.0846 980.784 980.4835 980.183 979.8826 979.5822 979.2818 978.9816 978.6815 978.3814 978.0815 977.7817 977.482 977.1826 976.8832 976.584 976.285 975.9862 975.6876 975.3893 975.0911 974.7932 974.4955 974.1982 973.9011 973.6042 973.3077 973.0115 972.7156 972.42 972.1248 971.8299 971.5354 971.2412 970.9474 970.6541 970.3611 970.0686 969.7765 969.4848 969.1935 968.9028 968.6125
988.7524 988.4547 988.1567 987.8584 987.5599 987.2612 986.9622 986.663 986.3636 986.0641 985.7643 985.4645 985.1644 984.8643 984.564 984.2635 983.963 983.6624 983.3617 983.061 982.7601 982.4592 982.1583 981.8574 981.5565 981.2555 980.9546 980.6537 980.3528 980.052 979.7512 979.4505 979.1498 978.8494 978.5489 978.2486 977.9484 977.6484 977.3484 977.0487 976.7491 976.4498 976.1506 975.8516 975.5529 975.2543 974.956 974.6579 974.3602 974.0626 973.7654 973.4684 973.1718 972.8755 972.5795 972.2839 971.9885 971.6936 971.399 971.1049 970.8111 970.5177 970.2247 969.9321 969.64 969.3484 969.0572 968.7664
988.9337 988.6356 988.3372 988.0385 987.7396 987.4406 987.1412 986.8417 986.5419 986.242 985.9419 985.6417 985.3412 985.0407 984.7401 984.4392 984.1384 983.8373 983.5363 983.2351 982.9339 982.6327 982.3314 982.0301 981.7288 981.4274 981.1261 980.8248 980.5236 980.2224 979.9212 979.6201 979.3191 979.0182 978.7173 978.4167 978.1161 977.8156 977.5154 977.2152 976.9152 976.6155 976.3159 976.0165 975.7173 975.4183 975.1197 974.8212 974.523 974.225 973.9274 973.6301 973.333 973.0363 972.7399 972.4438 972.1481 971.8527 971.5577 971.2631 970.9689 970.675 970.3817 970.0887 969.7961 969.504 969.2124 968.9212
989.1158 988.8174 988.5186 988.2196 987.9204 987.6209 987.3212 987.0213 986.7212 986.4209 986.1204 985.8198 985.519 985.2181 984.9171 984.6158 984.3146 984.0132 983.7118 983.4103 983.1087 982.8071 982.5054 982.2037 981.902 981.6003 981.2986 980.9969 980.6953 980.3937 980.0922 979.7906 979.4893 979.188 978.8867 978.5856 978.2847 977.9838 977.6832 977.3826 977.0822 976.782 976.4821 976.1823 975.8827 975.5834 975.2842 974.9854 974.6868 974.3884 974.0904 973.7926 973.4951 973.198 972.9012 972.6047 972.3085 972.0128 971.7173 971.4223 971.1276 970.8334 970.5396 970.2461 969.9531 969.6606 969.3685 969.0768
989.2991 989.0002 988.7011 988.4017 988.1021 987.8022 987.5022 987.2019 986.9014 986.6008 986.2999 985.9989 985.6978 985.3965 985.095 984.7935 984.4918 984.1901 983.8882 983.5864 983.2844 982.9824 982.6804 982.3782 982.0762 981.7741 981.472 981.17 980.8679 980.566 980.264 979.9621 979.6603 979.3586 979.0571 978.7556 978.4542 978.153 977.8519 977.5509 977.2502 976.9496 976.6492 976.349 976.049 975.7492 975.4497 975.1505 974.8514 974.5527 974.2542 973.956 973.6581 973.3605 973.0633 972.7664 972.4698 972.1736 971.8777 971.5823 971.2872 970.9925 970.6982 970.4044 970.111 969.8179 969.5254 969.2333
989.4833 989.1841 988.8845 988.5848 988.2848 987.9846 987.6841 987.3835 987.0826 986.7816 986.4803 986.179 985.8774 985.5758 985.274 984.972 984.67 984.3679 984.0657 983.7634 983.4611 983.1587 982.8563 982.5538 982.2513 981.9489 981.6464 981.3439 981.0415 980.7391 980.4368 980.1346 979.8324 979.5303 979.2283 978.9264 978.6246 978.323 978.0215 977.7202 977.419 977.118 976.8172 976.5166 976.2162 975.916 975.6161 975.3164 975.017 974.7178 974.4189 974.1203 973.822 973.524 973.2263 972.929 972.632 972.3353 972.0391 971.7432 971.4476 971.1525 970.8578 970.5635 970.2696 969.9762 969.6832 969.3907
989.6685 989.3689 989.069 988.7689 988.4685 988.1679 987.8671 987.566 987.2648 986.9634 986.6618 986.36 986.0581 985.7561 985.4539 985.1516 984.8492 984.5467 984.2441 983.9414 983.6387 983.3359 983.0331 982.7303 982.4274 982.1245 981.8217 981.5188 981.216 980.9133 980.6105 980.3079 980.0053 979.7028 979.4004 979.0981 978.796 978.494 978.192 977.8903 977.5887 977.2874 976.9861 976.6851 976.3843 976.0837 975.7834 975.4833 975.1834 974.8838 974.5845 974.2855 973.9868 973.6883 973.3902 973.0924 972.795 972.4979 972.2012 971.9048 971.6089 971.3134 971.0182 970.7234 970.4291 970.1353 969.8418 969.5488
989.8547 989.5547 989.2544 988.9539 988.6532 988.3522 988.051 987.7496 987.448 987.1462 986.8442 986.5421 986.2397 985.9373 985.6348 985.3321 985.0293 984.7264 984.4234 984.1204 983.8173 983.514 983.2109 982.9077 982.6044 982.3011 981.9979 981.6946 981.3915 981.0883 980.7852 980.4821 980.1791 979.8763 979.5734 979.2708 978.9682 978.6658 978.3635 978.0613 977.7593 977.4575 977.1559 976.8545 976.5533 976.2523 975.9515 975.651 975.3507 975.0507 974.7509 974.4515 974.1523 973.8535 973.5549 973.2568 972.9589 972.6614 972.3642 972.0675 971.7711 971.475 971.1794 970.8843 970.5895 970.2952 970.0013 969.7078
990.0418 989.7415 989.4408 989.14 988.8388 988.5375 988.2358 987.9341 987.6321 987.3299 987.0275 986.725 986.4223 986.1195 985.8166 985.5135 985.2103 984.907 984.6037 984.3002 983.9967 983.6932 983.3896 983.0859 982.7823 982.4786 982.175 981.8714 981.5678 981.2642 980.9608 980.6573 980.3539 980.0506 979.7474 979.4443 979.1414 978.8385 978.5358 978.2332 977.9308 977.6286 977.3265 977.0247 976.7231 976.4217 976.1205 975.8196 975.5189 975.2184 974.9183 974.6184 974.3188 974.0195 973.7206 973.4219 973.1237 972.8257 972.5281 972.2308 971.934 971.6376 971.3416 971.0459 970.7507 970.4559 970.1615 969.8677
990.2299 989.9291 989.6282 989.3269 989.0254 988.7236 988.4217 988.1195 987.8171 987.5146 987.2119 986.9089 986.6058 986.3027 985.9993 985.6959 985.3923 985.0886 984.7849 984.481 984.1771 983.8732 983.5692 983.2652 982.9612 982.6571 982.3531 982.0491 981.7451 981.4411 981.1372 980.8333 980.5295 980.2258 979.9222 979.6187 979.3154 979.0121 978.709 978.4061 978.1032 977.8006 977.4982 977.1959 976.8938 976.592 976.2904 975.989 975.6879 975.3871 975.0865 974.7861 974.4861 974.1864 973.887 973.588 973.2892 972.9908 972.6928 972.3951 972.0978 971.801 971.5045 971.2084 970.9127 970.6174 970.3226 970.0283
990.4189 990.1179 989.8165 989.5148 989.213 988.9108 988.6085 988.3059 988.0031 987.7002 987.397 987.0938 986.7903 986.4867 986.183 985.8791 985.5752 985.2711 984.967 984.6628 984.3585 984.0541 983.7498 983.4454 983.1409 982.8365 982.532 982.2276 981.9232 981.6188 981.3145 981.0103 980.7061 980.402 980.098 979.7941 979.4902 979.1866 978.8831 978.5797 978.2765 977.9734 977.6706 977.3679 977.0654 976.7632 976.4611 976.1594 975.8578 975.5565 975.2555 974.9548 974.6543 974.3542 974.0543 973.7548 973.4556 973.1568 972.8583 972.5602 972.2625 971.9651 971.6682 971.3716 971.0756 970.7798 970.4846 970.1898
990.609 990.3075 990.0057 989.7037 989.4014 989.0989 988.7961 988.4932 988.1901 987.8867 987.5832 987.2795 986.9757 986.6717 986.3676 986.0634 985.759 985.4546 985.15 984.8454 984.5407 984.236 983.9312 983.6264 983.3216 983.0167 982.7119 982.407 982.1022 981.7975 981.4928 981.1881 980.8835 980.579 980.2746 979.9703 979.6661 979.362 979.058 978.7543 978.4506 978.1472 977.8439 977.5408 977.2379 976.9352 976.6328 976.3306 976.0286 975.7268 975.4254 975.1242 974.8234 974.5228 974.2225 973.9225 973.6229 973.3236 973.0247 972.7261 972.428 972.1302 971.8328 971.5358 971.2392 970.9431 970.6473 970.3521
990.8 990.4981 990.1959 989.8935 989.5908 989.288 988.9848 988.6815 988.3779 988.0742 987.7703 987.4662 987.162 986.8576 986.5531 986.2485 985.9437 985.6389 985.334 985.0289 984.7239 984.4188 984.1135 983.8083 983.5031 983.1979 982.8926 982.5874 982.2822 981.9771 981.6719 981.3668 981.0618 980.7569 980.4521 980.1473 979.8427 979.5383 979.2339 978.9297 978.6256 978.3217 978.018 977.7145 977.4112 977.1081 976.8052 976.5026 976.2001 975.898 975.5961 975.2945 974.9932 974.6922 974.3914 974.0911 973.791 973.4913 973.1919 972.8929 972.5943 972.296 971.9982 971.7007 971.4036 971.1071 970.8109 970.5151
990.9919 990.6896 990.3871 990.0843 989.7812 989.4779 989.1744 988.8707 988.5667 988.2626 987.9583 987.6539 987.3492 987.0444 986.7396 986.4345 986.1293 985.8242 985.5188 985.2134 984.9079 984.6024 984.2968 983.9912 983.6855 983.3799 983.0743 982.7686 982.463 982.1575 981.8519 981.5464 981.241 980.9357 980.6304 980.3253 980.0203 979.7154 979.4106 979.106 978.8015 978.4972 978.1931 977.8891 977.5853 977.2819 976.9785 976.6754 976.3726 976.07 975.7677 975.4656 975.1639 974.8624 974.5613 974.2604 973.9599 973.6597 973.3599 973.0605 972.7614 972.4627 972.1644 971.8665 971.5689 971.2719 970.9752 970.679
991.1848 990.8821 990.5791 990.2759 989.9725 989.6688 989.3649 989.0607 988.7564 988.4519 988.1472 987.8423 987.5374 987.2322 986.9269 986.6215 986.3159 986.0103 985.7045 985.3987 985.0928 984.7869 984.4809 984.1749 983.8689 983.5628 983.2568 982.9507 982.6447 982.3387 982.0328 981.7269 981.4211 981.1154 980.8097 980.5041 980.1987 979.8933 979.5881 979.2831 978.9782 978.6735 978.3689 978.0645 977.7604 977.4564 977.1526 976.8491 976.5459 976.2429 975.9401 975.6376 975.3354 975.0335 974.7319 974.4306 974.1296 973.829 973.5288 973.2289 972.9293 972.6301 972.3314 972.033 971.735 971.4375 971.1403 970.8437
991.3785 991.0754 990.7722 990.4685 990.1647 989.8606 989.5563 989.2518 988.9471 988.6422 988.337 988.0318 987.7264 987.4208 987.1151 986.8093 986.5034 986.1973 985.8912 985.585 985.2787 984.9724 984.666 984.3596 984.0531 983.7466 983.4402 983.1337 982.8273 982.5209 982.2145 981.9083 981.602 981.2958 980.9897 980.6838 980.3779 980.0721 979.7665 979.4611 979.1558 978.8506 978.5456 978.2408 977.9362 977.6318 977.3276 977.0237 976.72 976.4165 976.1133 975.8104 975.5078 975.2054 974.9033 974.6016 974.3002 973.9991 973.6984 973.398 973.098 972.7984 972.4991 972.2003 971.9019 971.6039 971.3063 971.0091
