MyMainGIS/bin/Debug/Data/DLS_Input/highRisk_economic/sc1gr2.grid
ncols         442
nrows         735
xllcorner     -502080.37185814
yllcorner     2671876.5851211
cellsize      100
NODATA_value  -9999
[rows 576 to 611 of 735, columns 81 to 161 of 442]
1917 1917 1917 1917 1917 1917 1917 1917 1917 1894 1894 1894 1894 1894 1894 1894 1894 1894 1894 1891 1891 1891 1891 1891 1891 1891 1891 1891 1891 1898 1898 1898 1898 1898 1898 1898 1898 1898 1898 1910 1910 1910 1910 1910 1910 1910 1910 1910 1910 1914 1914 1914 1914 1914 1914 1914 1914 1914 1914 1913 1913 1913 1913 1913 1913 1913 1913 1913 1913 1913 1913 1913 1913 1913 1913 1913 1913 1913 1913 1921 1921
1917 1917 1917 1917 1917 1917 1917 1917 1917 1894 1894 1894 1894 1894 1894 1894 1894 1894 1894 1891 1891 1891 1891 1891 1891 1891 1891 1891 1891 1898 1898 1898 1898 1898 1898 1898 1898 1898 1898 1910 1910 1910 1910 1910 1910 1910 1910 1910 1910 1914 1914 1914 1914 1914 1914 1914 1914 1914 1914 1913 1913 1913 1913 1913 1913 1913 1913 1913 1913 1913 1913 1913 1913 1913 1913 1913 1913 1913 1913 1921 1921
1917 1917 1917 1917 1917 1917 1917 1917 1917 1894 1894 1894 1894 1894 1894 1894 1894 1894 1894 1891 1891 1891 1891 1891 1891 1891 1891 1891 1891 1898 1898 1898 1898 1898 1898 1898 1898 1898 1898 1910 1910 1910 1910 1910 1910 1910 1910 1910 1910 1914 1914 1914 1914 1914 1914 1914 1914 1914 1914 1913 1913 1913 1913 1913 1913 1913 1913 1913 1913 1913 1913 1913 1913 1913 1913 1913 1913 1913 1913 1921 1921
1917 1917 1917 1917 1917 1917 1917 1917 1917 1894 1894 1894 1894 1894 1894 1894 1894 1894 1894 1891 1891 1891 1891 1891 1891 1891 1891 1891 1891 1898 1898 1898 1898 1898 1898 1898 1898 1898 1898 1910 1910 1910 1910 1910 1910 1910 1910 1910 1910 1914 1914 1914 1914 1914 1914 1914 1914 1914 1914 1913 1913 1913 1913 1913 1913 1913 1913 1913 1913 1913 1913 1913 1913 1913 1913 1913 1913 1913 1913 1921 1921
1931 1931 1931 1931 1931 1931 1931 1931 1931 1915 1915 1915 1915 1915 1915 1915 1915 1915 1915 1911 1911 1911 1911 1911 1911 1911 1911 1911 1911 1896 1896 1896 1896 1896 1896 1896 1896 1896 1896 1894 1894 1894 1894 1894 1894 1894 1894 1894 1894 1900 1900 1900 1900 1900 1900 1900 1900 1900 1900 1918 1918 1918 1918 1918 1918 1918 1918 1918 1918 1935 1935 1935 1935 1935 1935 1935 1935 1935 1935 1943 1943
1931 1931 1931 1931 1931 1931 1931 1931 1931 1915 1915 1915 1915 1915 1915 1915 1915 1915 1915 1911 1911 1911 1911 1911 1911 1911 1911 1911 1911 1896 1896 1896 1896 1896 1896 1896 1896 1896 1896 1894 1894 1894 1894 1894 1894 1894 1894 1894 1894 1900 1900 1900 1900 1900 1900 1900 1900 1900 1900 1918 1918 1918 1918 1918 1918 1918 1918 1918 1918 1935 1935 1935 1935 1935 1935 1935 1935 1935 1935 1943 1943
1931 1931 1931 1931 1931 1931 1931 1931 1931 1915 1915 1915 1915 1915 1915 1915 1915 1915 1915 1911 1911 1911 1911 1911 1911 1911 1911 1911 1911 1896 1896 1896 1896 1896 1896 1896 1896 1896 1896 1894 1894 1894 1894 1894 1894 1894 1894 1894 1894 1900 1900 1900 1900 1900 1900 1900 1900 1900 1900 1918 1918 1918 1918 1918 1918 1918 1918 1918 1918 1935 1935 1935 1935 1935 1935 1935 1935 1935 1935 1943 1943
1931 1931 1931 1931 1931 1931 1931 1931 1931 1915 1915 1915 1915 1915 1915 1915 1915 1915 1915 1911 1911 1911 1911 1911 1911 1911 1911 1911 1911 1896 1896 1896 1896 1896 1896 1896 1896 1896 1896 1894 1894 1894 1894 1894 1894 1894 1894 1894 1894 1900 1900 1900 1900 1900 1900 1900 1900 1900 1900 1918 1918 1918 1918 1918 1918 1918 1918 1918 1918 1935 1935 1935 1935 1935 1935 1935 1935 1935 1935 1943 1943
1931 1931 1931 1931 1931 1931 1931 1931 1931 1915 1915 1915 1915 1915 1915 1915 1915 1915 1915 1911 1911 1911 1911 1911 1911 1911 1911 1911 1911 1896 1896 1896 1896 1896 1896 1896 1896 1896 1896 1894 1894 1894 1894 1894 1894 1894 1894 1894 1894 1900 1900 1900 1900 1900 1900 1900 1900 1900 1900 1918 1918 1918 1918 1918 1918 1918 1918 1918 1918 1935 1935 1935 1935 1935 1935 1935 1935 1935 1935 1943 1943
1931 1931 1931 1931 1931 1931 1931 1931 1931 1915 1915 1915 1915 1915 1915 1915 1915 1915 1915 1911 1911 1911 1911 1911 1911 1911 1911 1911 1911 1896 1896 1896 1896 1896 1896 1896 1896 1896 1896 1894 1894 1894 1894 1894 1894 1894 1894 1894 1894 1900 1900 1900 1900 1900 1900 1900 1900 1900 1900 1918 1918 1918 1918 1918 1918 1918 1918 1918 1918 1935 1935 1935 1935 1935 1935 1935 1935 1935 1935 1943 1943
1931 1931 1931 1931 1931 1931 1931 1931 1931 1915 1915 1915 1915 1915 1915 1915 1915 1915 1915 1911 1911 1911 1911 1911 1911 1911 1911 1911 1911 1896 1896 1896 1896 1896 1896 1896 1896 1896 1896 1894 1894 1894 1894 1894 1894 1894 1894 1894 1894 1900 1900 1900 1900 1900 1900 1900 1900 1900 1900 1918 1918 1918 1918 1918 1918 1918 1918 1918 1918 1935 1935 1935 1935 1935 1935 1935 1935 1935 1935 1943 1943
1931 1931 1931 1931 1931 1931 1931 1931 1931 1915 1915 1915 1915 1915 1915 1915 1915 1915 1915 1911 1911 1911 1911 1911 1911 1911 1911 1911 1911 1896 1896 1896 1896 1896 1896 1896 1896 1896 1896 1894 1894 1894 1894 1894 1894 1894 1894 1894 1894 1900 1900 1900 1900 1900 1900 1900 1900 1900 1900 1918 1918 1918 1918 1918 1918 1918 1918 1918 1918 1935 1935 1935 1935 1935 1935 1935 1935 1935 1935 1943 1943
1931 1931 1931 1931 1931 1931 1931 1931 1931 1915 1915 1915 1915 1915 1915 1915 1915 1915 1915 1911 1911 1911 1911 1911 1911 1911 1911 1911 1911 1896 1896 1896 1896 1896 1896 1896 1896 1896 1896 1894 1894 1894 1894 1894 1894 1894 1894 1894 1894 1900 1900 1900 1900 1900 1900 1900 1900 1900 1900 1918 1918 1918 1918 1918 1918 1918 1918 1918 1918 1935 1935 1935 1935 1935 1935 1935 1935 1935 1935 1943 1943
1931 1931 1931 1931 1931 1931 1931 1931 1931 1915 1915 1915 1915 1915 1915 1915 1915 1915 1915 1911 1911 1911 1911 1911 1911 1911 1911 1911 1911 1896 1896 1896 1896 1896 1896 1896 1896 1896 1896 1894 1894 1894 1894 1894 1894 1894 1894 1894 1894 1900 1900 1900 1900 1900 1900 1900 1900 1900 1900 1918 1918 1918 1918 1918 1918 1918 1918 1918 1918 1935 1935 1935 1935 1935 1935 1935 1935 1935 1935 1943 1943
1939 1939 1939 1939 1939 1939 1939 1939 1939 1931 1931 1931 1931 1931 1931 1931 1931 1931 1931 1928 1928 1928 1928 1928 1928 1928 1928 1928 1928 1916 1916 1916 1916 1916 1916 1916 1916 1916 1916 1911 1911 1911 1911 1911 1911 1911 1911 1911 1911 1912 1912 1912 1912 1912 1912 1912 1912 1912 1912 1930 1930 1930 1930 1930 1930 1930 1930 1930 1930 1944 1944 1944 1944 1944 1944 1944 1944 1944 1944 1949 1949
1939 1939 1939 1939 1939 1939 1939 1939 1939 1931 1931 1931 1931 1931 1931 1931 1931 1931 1931 1928 1928 1928 1928 1928 1928 1928 1928 1928 1928 1916 1916 1916 1916 1916 1916 1916 1916 1916 1916 1911 1911 1911 1911 1911 1911 1911 1911 1911 1911 1912 1912 1912 1912 1912 1912 1912 1912 1912 1912 1930 1930 1930 1930 1930 1930 1930 1930 1930 1930 1944 1944 1944 1944 1944 1944 1944 1944 1944 1944 1949 1949
1939 1939 1939 1939 1939 1939 1939 1939 1939 1931 1931 1931 1931 1931 1931 1931 1931 1931 1931 1928 1928 1928 1928 1928 1928 1928 1928 1928 1928 1916 1916 1916 1916 1916 1916 1916 1916 1916 1916 1911 1911 1911 1911 1911 1911 1911 1911 1911 1911 1912 1912 1912 1912 1912 1912 1912 1912 1912 1912 1930 1930 1930 1930 1930 1930 1930 1930 1930 1930 1944 1944 1944 1944 1944 1944 1944 1944 1944 1944 1949 1949
1939 1939 1939 1939 1939 1939 1939 1939 1939 1931 1931 1931 1931 1931 1931 1931 1931 1931 1931 1928 1928 1928 1928 1928 1928 1928 1928 1928 1928 1916 1916 1916 1916 1916 1916 1916 1916 1916 1916 1911 1911 1911 1911 1911 1911 1911 1911 1911 1911 1912 1912 1912 1912 1912 1912 1912 1912 1912 1912 1930 1930 1930 1930 1930 1930 1930 1930 1930 1930 1944 1944 1944 1944 1944 1944 1944 1944 1944 1944 1949 1949
1939 1939 1939 1939 1939 1939 1939 1939 1939 1931 1931 1931 1931 1931 1931 1931 1931 1931 1931 1928 1928 1928 1928 1928 1928 1928 1928 1928 1928 1916 1916 1916 1916 1916 1916 1916 1916 1916 1916 1911 1911 1911 1911 1911 1911 1911 1911 1911 1911 1912 1912 1912 1912 1912 1912 1912 1912 1912 1912 1930 1930 1930 1930 1930 1930 1930 1930 1930 1930 1944 1944 1944 1944 1944 1944 1944 1944 1944 1944 1949 1949
1939 1939 1939 1939 1939 1939 1939 1939 1939 1931 1931 1931 1931 1931 1931 1931 1931 1931 1931 1928 1928 1928 1928 1928 1928 1928 1928 1928 1928 1916 1916 1916 1916 1916 1916 1916 1916 1916 1916 1911 1911 1911 1911 1911 1911 1911 1911 1911 1911 1912 1912 1912 1912 1912 1912 1912 1912 1912 1912 1930 1930 1930 1930 1930 1930 1930 1930 1930 1930 1944 1944 1944 1944 1944 1944 1944 1944 1944 1944 1949 1949
1939 1939 1939 1939 1939 1939 1939 1939 1939 1931 1931 1931 1931 1931 1931 1931 1931 1931 1931 1928 1928 1928 1928 1928 1928 1928 1928 1928 1928 1916 1916 1916 1916 1916 1916 1916 1916 1916 1916 1911 1911 1911 1911 1911 1911 1911 1911 1911 1911 1912 1912 1912 1912 1912 1912 1912 1912 1912 1912 1930 1930 1930 1930 1930 1930 1930 1930 1930 1930 1944 1944 1944 1944 1944 1944 1944 1944 1944 1944 1949 1949
1939 1939 1939 1939 1939 1939 1939 1939 1939 1931 1931 1931 1931 1931 1931 1931 1931 1931 1931 1928 1928 1928 1928 1928 1928 1928 1928 1928 1928 1916 1916 1916 1916 1916 1916 1916 1916 1916 1916 1911 1911 1911 1911 1911 1911 1911 1911 1911 1911 1912 1912 1912 1912 1912 1912 1912 1912 1912 1912 1930 1930 1930 1930 1930 1930 1930 1930 1930 1930 1944 1944 1944 1944 1944 1944 1944 1944 1944 1944 1949 1949
1939 1939 1939 1939 1939 1939 1939 1939 1939 1931 1931 1931 1931 1931 1931 1931 1931 1931 1931 1928 1928 1928 1928 1928 1928 1928 1928 1928 1928 1916 1916 1916 1916 1916 1916 1916 1916 1916 1916 1911 1911 1911 1911 1911 1911 1911 1911 1911 1911 1912 1912 1912 1912 1912 1912 1912 1912 1912 1912 1930 1930 1930 1930 1930 1930 1930 1930 1930 1930 1944 1944 1944 1944 1944 1944 1944 1944 1944 1944 1949 1949
1939 1939 1939 1939 1939 1939 1939 1939 1939 1931 1931 1931 1931 1931 1931 1931 1931 1931 1931 1928 1928 1928 1928 1928 1928 1928 1928 1928 1928 1916 1916 1916 1916 1916 1916 1916 1916 1916 1916 1911 1911 1911 1911 1911 1911 1911 1911 1911 1911 1912 1912 1912 1912 1912 1912 1912 1912 1912 1912 1930 1930 1930 1930 1930 1930 1930 1930 1930 1930 1944 1944 1944 1944 1944 1944 1944 1944 1944 1944 1949 1949
1943 1943 1943 1943 1943 1943 1943 1943 1943 1944 1944 1944 1944 1944 1944 1944 1944 1944 1944 1940 1940 1940 1940 1940 1940 1940 1940 1940 1940 1934 1934 1934 1934 1934 1934 1934 1934 1934 1934 1931 1931 1931 1931 1931 1931 1931 1931 1931 1931 1924 1924 1924 1924 1924 1924 1924 1924 1924 1924 1922 1922 1922 1922 1922 1922 1922 1922 1922 1922 1936 1936 1936 1936 1936 1936 1936 1936 1936 1936 1947 1947
1943 1943 1943 1943 1943 1943 1943 1943 1943 1944 1944 1944 1944 1944 1944 1944 1944 1944 1944 1940 1940 1940 1940 1940 1940 1940 1940 1940 1940 1934 1934 1934 1934 1934 1934 1934 1934 1934 1934 1931 1931 1931 1931 1931 1931 1931 1931 1931 1931 1924 1924 1924 1924 1924 1924 1924 1924 1924 1924 1922 1922 1922 1922 1922 1922 1922 1922 1922 1922 1936 1936 1936 1936 1936 1936 1936 1936 1936 1936 1947 1947
1943 1943 1943 1943 1943 1943 1943 1943 1943 1944 1944 1944 1944 1944 1944 1944 1944 1944 1944 1940 1940 1940 1940 1940 1940 1940 1940 1940 1940 1934 1934 1934 1934 1934 1934 1934 1934 1934 1934 1931 1931 1931 1931 1931 1931 1931 1931 1931 1931 1924 1924 1924 1924 1924 1924 1924 1924 1924 1924 1922 1922 1922 1922 1922 1922 1922 1922 1922 1922 1936 1936 1936 1936 1936 1936 1936 1936 1936 1936 1947 1947
1943 1943 1943 1943 1943 1943 1943 1943 1943 1944 1944 1944 1944 1944 1944 1944 1944 1944 1944 1940 1940 1940 1940 1940 1940 1940 1940 1940 1940 1934 1934 1934 1934 1934 1934 1934 1934 1934 1934 1931 1931 1931 1931 1931 1931 1931 1931 1931 1931 1924 1924 1924 1924 1924 1924 1924 1924 1924 1924 1922 1922 1922 1922 1922 1922 1922 1922 1922 1922 1936 1936 1936 1936 1936 1936 1936 1936 1936 1936 1947 1947
1943 1943 1943 1943 1943 1943 1943 1943 1943 1944 1944 1944 1944 1944 1944 1944 1944 1944 1944 1940 1940 1940 1940 1940 1940 1940 1940 1940 1940 1934 1934 1934 1934 1934 1934 1934 1934 1934 1934 1931 1931 1931 1931 1931 1931 1931 1931 1931 1931 1924 1924 1924 1924 1924 1924 1924 1924 1924 1924 1922 1922 1922 1922 1922 1922 1922 1922 1922 1922 1936 1936 1936 1936 1936 1936 1936 1936 1936 1936 1947 1947
1943 1943 1943 1943 1943 1943 1943 1943 1943 1944 1944 1944 1944 1944 1944 1944 1944 1944 1944 1940 1940 1940 1940 1940 1940 1940 1940 1940 1940 1934 1934 1934 1934 1934 -9999 -9999 -9999 -9999 -9999 -9999 1931 1931 1931 1931 1931 1931 1931 1931 1931 1924 1924 1924 1924 1924 1924 1924 1924 1924 1924 1922 1922 1922 1922 1922 1922 1922 1922 1922 1922 1936 1936 1936 1936 1936 1936 1936 1936 1936 1936 1947 1947
1943 1943 1943 1943 1943 1943 1943 1943 1943 1944 1944 1944 1944 1944 1944 1944 1944 1944 1944 1940 1940 1940 1940 1940 1940 1940 1940 1940 1940 1934 1934 1934 1934 1934 -9999 -9999 -9999 -9999 -9999 -9999 1931 1931 1931 1931 1931 1931 1931 1931 1931 1924 1924 1924 1924 1924 1924 1924 1924 1924 1924 1922 1922 1922 1922 1922 1922 1922 1922 1922 1922 1936 1936 1936 1936 1936 1936 1936 1936 1936 1936 1947 1947
1943 1943 1943 1943 1943 1943 1943 1943 1943 1944 1944 1944 1944 1944 1944 1944 1944 1944 1944 1940 1940 1940 1940 1940 1940 1940 1940 1940 1940 1934 1934 1934 1934 -9999 -9999 -9999 -9999 -9999 -9999 -9999 1931 1931 1931 1931 1931 1931 1931 1931 1931 1924 1924 1924 1924 1924 1924 1924 1924 1924 1924 1922 1922 -9999 -9999 1922 1922 1922 1922 1922 1922 1936 1936 1936 1936 1936 1936 1936 1936 1936 1936 1947 1947
1943 1943 1943 1943 1943 1943 1943 1943 1943 1944 1944 1944 1944 1944 1944 1944 1944 1944 1944 1940 1940 1940 1940 1940 1940 1940 1940 1940 1940 1934 1934 -9999 -9999 -9999 -9999 -9999 -9999 -9999 -9999 -9999 1931 1931 1931 1931 1931 1931 1931 1931 1931 1924 1924 1924 1924 1924 1924 1924 1924 1924 1924 -9999 -9999 -9999 -9999 -9999 -9999 -9999 -9999 1922 1922 1936 1936 1936 1936 1936 1936 1936 1936 1936 1936 1947 1947
1943 1943 1943 1943 1943 1943 1943 1943 1943 1944 1944 1944 1944 1944 1944 1944 1944 1944 1944 1940 1940 1940 1940 1940 1940 1940 1940 1940 1940 -9999 -9999 -9999 -9999 -9999 -9999 -9999 -9999 -9999 -9999 -9999 -9999 1931 1931 1931 1931 1931 1931 1931 1931 1924 1924 1924 1924 -9999 -9999 -9999 -9999 -9999 -9999 -9999 -9999 -9999 -9999 -9999 -9999 -9999 -9999 -9999 -9999 1936 1936 1936 1936 1936 1936 1936 1936 1936 1936 1947 1947
1946 1946 1946 1946 1946 1946 1946 1946 1946 1949 1949 1949 1949 1949 1949 1949 1949 1949 1949 1947 1947 1947 1947 1947 1947 1947 1947 1947 -9999 -9999 -9999 -9999 -9999 -9999 -9999 -9999 -9999 -9999 -9999 -9999 -9999 -9999 1941 1941 1941 1941 1941 1941 1941 1937 -9999 -9999 -9999 -9999 -9999 -9999 -9999 -9999 -9999 -9999 -9999 -9999 -9999 -9999 -9999 -9999 -9999 -9999 -9999 1931 1931 1931 1931 1931 1931 1931 1931 1931 1931 1943 1943
1946 1946 1946 1946 1946 1946 1946 1946 1946 1949 1949 1949 1949 1949 1949 1949 1949 1949 1949 1947 1947 1947 1947 1947 1947 1947 1947 1947 -9999 -9999 -9999 -9999 -9999 -9999 -9999 -9999 -9999 -9999 -9999 -9999 -9999 -9999 -9999 -9999 -9999 -9999 -9999 -9999 -9999 -9999 -9999 -9999 -9999 -9999 -9999 -9999 -9999 -9999 -9999 -9999 -9999 -9999 -9999 -9999 -9999 -9999 -9999 -9999 -9999 1931 1931 1931 1931 1931 1931 1931 1931 1931 1931 1943 -9999
