MyMainGIS/bin/Debug/Data/DLS_Input/highRisk_economic/sc1gr5.grid
ncols         442
nrows         735
xllcorner     -502080.37185814
yllcorner     2671876.5851211
cellsize      100
NODATA_value  -9999
[rows 493 to 521 of 735, columns 330 to 395 of 442]
0.05770615 0.04589117 0.03710795 0.0284605 0.01749285 0.01341641 0.006708204 0.006708204 0.01529706 0.02418677 0.036 0.045 0.05341348 0.06328507 0.07111961 0.07920227 0.08919641 0.09660745 0.1040096 0.1142366 0.1221188 0.1288604 0.1389748 0.1466322 0.1544344 0.1650273 0.1718139 0.180025 0.1910838 0.1994492 0.2078677 0.2181972 0.2267532 0.2382121 0.2497219 0.2583835 0.2670674 0.2748236 0.2821436 0.2895583 0.2995797 0.3071889 0.3133385 0.323736 0.3316052 0.3395306 0.3495097 0.351973 0.3571134 0.3642005 0.3696823 0.3752999 0.3807164 0.3866626 0.3927251 0.4009801 0.4072935 0.4038539 0.3929084 0.3841875 0.3754797 0.3638915 0.3552182 0.3474047 0.3359196 0.3273301
0.054 0.042 0.033 0.024 0.012 0.00424264 0.006708204 0.015 0.02163331 0.02954657 0.04002499 0.04883646 0.05770615 0.06958448 0.07823043 0.08595929 0.09534149 0.1036195 0.1116065 0.1214907 0.1291395 0.1355323 0.1462635 0.1539383 0.1615549 0.1719186 0.1784433 0.1865074 0.1973854 0.2056259 0.2139276 0.2240178 0.2324758 0.240973 0.2523569 0.260931 0.2695329 0.2802231 0.2874056 0.294688 0.3045407 0.3120288 0.318 0.3282499 0.3360134 0.3438372 0.3543558 0.3594496 0.3644846 0.371431 0.3768076 0.3823206 0.3875694 0.393412 0.399372 0.4074923 0.4106824 0.4018769 0.3908069 0.382038 0.37328 0.3616214 0.3528923 0.3449478 0.3333782 0.3247214
0.05408327 0.04210701 0.03313608 0.02418677 0.01236932 0.006708204 0.006708204 0.01615549 0.02418677 0.03231099 0.04295347 0.05126402 0.05977458 0.07130919 0.08004998 0.08884256 0.09936297 0.1073313 0.1154513 0.1264634 0.1339627 0.1399428 0.1503596 0.1583193 0.1663851 0.1764908 0.1827047 0.1905886 0.2012461 0.2093347 0.2174948 0.2273082 0.2356481 0.2440348 0.2552822 0.2637613 0.2722737 0.2827649 0.2913709 0.3 0.3096837 0.3170505 0.3228452 0.3329459 0.3406024 0.3483231 0.3587102 0.365126 0.3719274 0.3787374 0.3840117 0.3894227 0.3945085 0.4002499 0.4061096 0.4140978 0.4089364 0.4000925 0.3889023 0.3800895 0.3712856 0.3595622 0.350782 0.3427098 0.3310619 0.322343
0.05408327 0.04242641 0.03354102 0.02473863 0.01341641 0.00424264 0 0.012 0.021 0.03 0.04210701 0.05108816 0.06007495 0.07206248 0.08105554 0.09004999 0.1021763 0.1111621 0.120075 0.1314877 0.1395565 0.1464787 0.1564609 0.164125 0.1719186 0.1824829 0.1889047 0.1965401 0.2068913 0.2147673 0.2227285 0.2321659 0.2403373 0.2485659 0.259617 0.267959 0.2763422 0.2865589 0.2950542 0.3035787 0.3149857 0.3235692 0.329577 0.3394775 0.3469899 0.3545716 0.3647808 0.3709946 0.3788087 0.3885897 0.3937322 0.3990113 0.4038874 0.4094972 0.4152265 0.4158005 0.4069066 0.3980176 0.3866743 0.3778095 0.3689512 0.3571512 0.3483102 0.3400735 0.3283322 0.3195387
0.05178803 0.04002499 0.03132092 0.02284732 0.012 0.00424264 0 0.012 0.021 0.03 0.042 0.051 0.06 0.072 0.081 0.09 0.102 0.111 0.12 0.132 0.141 0.15 0.1611366 0.1689083 0.1764908 0.1867967 0.1932382 0.2012461 0.2114734 0.2191849 0.2269912 0.236144 0.2441823 0.2522855 0.2631806 0.271413 0.2796927 0.2896981 0.298104 0.3065436 0.3178443 0.3263526 0.3339581 0.3445693 0.351973 0.3594496 0.369524 0.3755876 0.383308 0.3936864 0.4011035 0.4062868 0.411011 0.4165249 0.4221587 0.4145323 0.4056107 0.3966926 0.3852402 0.3763416 0.3674479 0.3555981 0.3467174 0.3383622 0.3265593 0.3177168
0.051 0.039 0.03 0.021 0.009 0.003 0.003 0.015 0.02284732 0.03132092 0.04242641 0.05135173 0.06029925 0.07224957 0.08122192 0.09004999 0.1020441 0.1110405 0.1200375 0.1320341 0.1410319 0.15 0.162 0.171 0.18 0.1914367 0.1975905 0.2054288 0.2160208 0.2238772 0.2315254 0.2403934 0.2482942 0.2562674 0.267 0.2751182 0.2832896 0.2930802 0.3013918 0.3097418 0.3209299 0.3293585 0.336816 0.3481681 0.35671 0.3644846 0.3744236 0.380338 0.3879639 0.398221 0.4059766 0.4136303 0.4182069 0.4236272 0.4253869 0.4134561 0.4045108 0.395568 0.3840117 0.375084 0.3661598 0.3542669 0.345352 0.3368828 0.3250262 0.3161408
0.04837355 0.03649658 0.02765863 0.01897367 0.008485281 0 0.009 0.021 0.02954657 0.03794733 0.04846648 0.056921 0.06552099 0.07712976 0.08590693 0.09420191 0.106066 0.1149826 0.1239113 0.1358308 0.1447791 0.1534699 0.1654358 0.1744133 0.183393 0.1953689 0.2041984 0.2131901 0.2243792 0.2322434 0.2401874 0.2490181 0.2567586 0.2645789 0.2751182 0.2830989 0.2898224 0.3006742 0.3088689 0.3171072 0.3281539 0.3364818 0.3437586 0.3549901 0.363446 0.3719274 0.3832728 0.3893995 0.3969194 0.4070393 0.4146951 0.4224039 0.4296604 0.4302674 0.4212944 0.4093324 0.4003623 0.3913937 0.3797104 0.3707519 0.3617955 0.3498571 0.3409061 0.3322966 0.3203826 0.3114514
0.048 0.036 0.027 0.018 0.006 0 0.009 0.021 0.03 0.039 0.051 0.05977458 0.06841052 0.07971198 0.08823265 0.09604686 0.1077079 0.1164989 0.1253196 0.1371167 0.1455232 0.1544344 0.166331 0.1752627 0.184201 0.1961275 0.2047926 0.2137592 0.2257188 0.2346913 0.2436657 0.2536021 0.2613962 0.2690818 0.2794513 0.2873117 0.2938469 0.3045554 0.3126484 0.3207896 0.3317137 0.3399544 0.3470807 0.358208 0.3665897 0.375 0.3862551 0.3937322 0.401888 0.4118859 0.4194532 0.4270761 0.4357855 0.4296708 0.4206851 0.4087053 0.3997211 0.3909335 0.3789631 0.3699865 0.3610111 0.3490458 0.3400735 0.3313608 0.319412 0.3104529
0.04579301 0.036 0.027 0.018 0.006 0.00424264 0.01236932 0.02284732 0.03132092 0.04002499 0.05135173 0.06029925 0.06926037 0.08122192 0.09019978 0.09868131 0.1100636 0.1186802 0.1273499 0.1389748 0.1470918 0.1559134 0.1677051 0.1765673 0.1854427 0.1972942 0.205779 0.2147044 0.2266142 0.2355525 0.2444954 0.2561269 0.2650887 0.2737243 0.2840035 0.2917413 0.2980889 0.3086503 0.3166386 0.3246798 0.3354773 0.3436277 0.3506024 0.3616214 0.3699256 0.3782618 0.3894227 0.396772 0.4052222 0.4165249 0.4243489 0.4318854 0.4382568 0.4292622 0.4202678 0.4082756 0.3992819 0.3904152 0.3784283 0.3694388 0.3604497 0.3484652 0.3394775 0.3306675 0.3186927 0.3097128
0.04036087 0.02954657 0.02163331 0.015 0.006 0.003 0.012 0.024 0.033 0.042 0.054 0.06264184 0.07130919 0.08297589 0.09178235 0.1001299 0.1120089 0.1209339 0.1298692 0.1417956 0.15 0.15866 0.1702616 0.1789972 0.1877578 0.1994718 0.2076945 0.216541 0.228355 0.2372277 0.2461097 0.2575286 0.2664432 0.2753634 0.2872647 0.2961959 0.3040674 0.3144281 0.3222732 0.3301772 0.3408005 0.3474953 0.3555981 0.3664669 0.3746638 0.3828968 0.3939264 0.4011035 0.4094643 0.4206531 0.4290734 0.4375168 0.4380102 0.4290105 0.4200107 0.408011 0.3990113 0.3900461 0.3780476 0.3690488 0.36005 0.3480517 0.3390531 0.3301227 0.3181273 0.309131
0.03498571 0.02545584 0.01824829 0.009486834 0.006708204 0.009486834 0.015 0.02563201 0.03420526 0.04295347 0.05433231 0.06328507 0.07224957 0.08421402 0.09319334 0.1018676 0.113565 0.1223765 0.1312136 0.143028 0.1514629 0.1603808 0.1722846 0.1812209 0.1899737 0.2008208 0.209571 0.2183415 0.230063 0.2388723 0.2476954 0.2589401 0.2678078 0.2766839 0.2885308 0.297424 0.3058971 0.3177877 0.3267109 0.3345235 0.345013 0.3515508 0.3595622 0.3703147 0.3784283 0.3865812 0.3975085 0.4045553 0.4128462 0.4239458 0.432302 0.4406835 0.4380411 0.429042 0.4200429 0.4080441 0.3990451 0.3900115 0.3780119 0.3690122 0.3600125 0.348013 0.339 0.33 0.318 0.309
0.0284605 0.01749285 0.01081665 0.008485281 0.006708204 0.01529706 0.02343075 0.03244996 0.04024922 0.04846648 0.05894065 0.06768309 0.07648529 0.08828364 0.09716481 0.1056835 0.1176138 0.1265701 0.1355323 0.147489 0.1559134 0.1647544 0.1765673 0.1854427 0.1943296 0.205779 0.2147044 0.2233943 0.235017 0.2437581 0.2525173 0.2635906 0.272406 0.281233 0.2930188 0.3018692 0.3102209 0.3220637 0.3309532 0.3398485 0.3517172 0.3584215 0.3663564 0.3770106 0.3850532 0.3931374 0.4039765 0.4109124 0.419142 0.4301628 0.4384621 0.4467885 0.4352585 0.426264 0.4172697 0.4052777 0.396284 0.387186 0.375192 0.3661967 0.3572016 0.3452086 0.3361205 0.3271238 0.3151285 0.3061323
0.02163331 0.01341641 0.006708204 0.00424264 0.015 0.0212132 0.02830194 0.039 0.0468615 0.05408327 0.06307139 0.07130919 0.07971198 0.09109336 0.09972462 0.1077079 0.1194362 0.1282654 0.1371167 0.1489463 0.1574071 0.166331 0.1782414 0.1871817 0.1961275 0.2076945 0.216541 0.2253996 0.2372277 0.2461097 0.255 0.2663081 0.2750364 0.2837816 0.2954657 0.304245 0.312418 0.3241805 0.3330135 0.3418552 0.3536566 0.3620069 0.3708854 0.3826029 0.3905304 0.3985035 0.4078676 0.4159628 0.4240943 0.4349897 0.4431986 0.447493 0.4356616 0.4266755 0.4176901 0.4057105 0.3967266 0.3877435 0.3757672 0.366786 0.3578058 0.3458338 0.3366556 0.3276736 0.3156992 0.3067198
0.01824829 0.006708204 0.00424264 0.01236932 0.01749285 0.02563201 0.03394112 0.04326662 0.051 0.05909315 0.06741662 0.07517979 0.08319255 0.09415413 0.102528 0.1100636 0.1215648 0.1302498 0.1389748 0.1506586 0.1588584 0.1677051 0.1795244 0.1884038 0.1972942 0.2087534 0.217681 0.2266142 0.238533 0.2474773 0.2564254 0.2678078 0.2766839 0.2855678 0.297424 0.3063233 0.3143565 0.3260491 0.3348328 0.3436277 0.3553703 0.3636069 0.3724473 0.384246 0.3931031 0.4019664 0.4119187 0.4199357 0.4279918 0.4387904 0.4469295 0.447161 0.4352585 0.426264 0.4172697 0.4052777 0.396284 0.3874184 0.3754318 0.3664424 0.3574535 0.3454692 0.3366556 0.3276736 0.3156992 0.3067198
0.01272792 0.008485281 0.006708204 0.01341641 0.02343075 0.03 0.03758989 0.04846648 0.05580323 0.06328507 0.07249828 0.07988116 0.08746427 0.09794897 0.1060236 0.1130885 0.1243101 0.1328157 0.1413825 0.1528823 0.1608011 0.1695465 0.1812457 0.1900447 0.1988617 0.2101071 0.2189794 0.2278618 0.2397186 0.2486202 0.2575286 0.2690316 0.2779658 0.2869042 0.2988277 0.3077743 0.3161408 0.3279893 0.3368828 0.3456255 0.3573024 0.3654217 0.3742192 0.3859637 0.3947822 0.4036087 0.4148361 0.4236909 0.4320416 0.4427415 0.4508093 0.4470101 0.4350414 0.4260422 0.4170431 0.4050444 0.3960454 0.3871046 0.375108 0.3661107 0.3571134 0.3451174 0.3362142 0.3272201 0.3152285 0.3062352
0.009486834 0.00424264 0.01236932 0.0212132 0.02830194 0.03624914 0.04459821 0.05408327 0.06177378 0.06977823 0.07823043 0.08595929 0.09391486 0.1040096 0.1116468 0.118072 0.1288604 0.1370839 0.1453995 0.1566046 0.164125 0.172702 0.184201 0.1928652 0.2015589 0.2124924 0.2212691 0.230063 0.2418119 0.2506392 0.2594783 0.2707656 0.2796444 0.2885308 0.3003897 0.3092911 0.3177877 0.3296862 0.3386148 0.3475471 0.3594621 0.3679253 0.3768076 0.3885666 0.3973273 0.4060985 0.4171726 0.4259789 0.4347931 0.4465568 0.4553877 0.4470906 0.4350414 0.4260422 0.4170431 0.4050444 0.3960454 0.3870116 0.375012 0.3660123 0.3570126 0.345013 0.336 0.327 0.315 0.306
0.009486834 0.01236932 0.01697056 0.02418677 0.03394112 0.04080441 0.04837355 0.05909315 0.06661081 0.07409453 0.08319255 0.0906973 0.09827004 0.108706 0.1164989 0.125032 0.1355323 0.1435618 0.1517004 0.1626929 0.1699441 0.1783928 0.1897367 0.1982952 0.2068913 0.2175982 0.2262963 0.235017 0.2466759 0.2554408 0.2642215 0.2753471 0.2841778 0.2930188 0.3048213 0.313683 0.3220637 0.3339176 0.3428148 0.3517172 0.3635946 0.3721089 0.3810354 0.3929428 0.4018769 0.4108138 0.4220628 0.4308317 0.4396101 0.451328 0.4533575 0.4443647 0.4322604 0.4232659 0.4142716 0.4022798 0.3932862 0.3841875 0.3721935 0.3631983 0.3542033 0.3422105 0.3331216 0.324125 0.3121298 0.3031336
0.006 0.018 0.02580698 0.03189044 0.04024922 0.04846648 0.05580323 0.0658635 0.07379024 0.08160882 0.09004999 0.09794897 0.1056835 0.1157627 0.1235476 0.1297998 0.1399428 0.1477329 0.1556535 0.1663851 0.1733263 0.1816177 0.1927719 0.2012014 0.2096783 0.2201272 0.2287291 0.2373605 0.2489096 0.2575985 0.2663081 0.2772526 0.2860245 0.2948101 0.3065436 0.3153569 0.3236109 0.3354102 0.3442688 0.3531345 0.3649657 0.3733765 0.3822735 0.3941434 0.4030508 0.4119624 0.4234572 0.4323853 0.4413162 0.4532284 0.4538039 0.4448202 0.4326662 0.4236803 0.4146951 0.4027158 0.3937322 0.3845738 0.3725923 0.3636069 0.3546223 0.3426442 0.3334861 0.3244996 0.3125188 0.3035342
0.01236932 0.02163331 0.02954657 0.03794733 0.0468615 0.05408327 0.06177378 0.07249828 0.07988116 0.08595929 0.09660745 0.1040096 0.1116468 0.1221188 0.1297998 0.1358308 0.1462942 0.1539383 0.1615549 0.1719186 0.1784433 0.1865074 0.1973854 0.2056259 0.2139276 0.2240178 0.2324758 0.240973 0.2523569 0.260931 0.2695329 0.2802231 0.2889048 0.2976055 0.3092329 0.3179717 0.3260491 0.3377632 0.3465617 0.3553703 0.3671294 0.3753958 0.384246 0.3960568 0.4049222 0.4137934 0.4251541 0.4340472 0.4429447 0.4548143 0.4546757 0.4457096 0.4334974 0.4245292 0.4155622 0.4036087 0.3946454 0.3854153 0.3734608 0.3644969 0.3555348 0.3435884 0.3343486 0.3253859 0.313439 0.3044815
0.01615549 0.02683282 0.03420526 0.04167733 0.05126402 0.0595483 0.06661081 0.07666159 0.08453401 0.0906973 0.1008464 0.108706 0.1164989 0.1265701 0.1343317 0.1406165 0.1507481 0.1585181 0.1664121 0.1764908 0.1827047 0.1905886 0.2012461 0.2093347 0.2174948 0.2273082 0.2356481 0.2440348 0.2552822 0.2637613 0.2713301 0.2827649 0.2913709 0.3 0.3115381 0.320214 0.3281539 0.3397955 0.3485427 0.3573024 0.369 0.3771538 0.3859637 0.3977235 0.4065526 0.415389 0.4266439 0.4355066 0.4443749 0.4562072 0.4555359 0.4465871 0.4343374 0.4253869 0.4164385 0.4045108 0.395568 0.38629 0.3743635 0.3654217 0.3564828 0.3445693 0.335276 0.3263388 0.3144281 0.3054996
0.0212132 0.03088689 0.039 0.0468615 0.05507268 0.06307139 0.07130919 0.08160882 0.08904494 0.09529428 0.1056835 0.1132078 0.1209339 0.1314877 0.1389748 0.1451206 0.1555956 0.1631349 0.1708157 0.1812457 0.1873019 0.195 0.2054288 0.2133589 0.2213707 0.2309026 0.2391171 0.2473863 0.2584879 0.2668651 0.2742499 0.2855678 0.2940918 0.3026434 0.3140844 0.3226918 0.3304906 0.3420526 0.3507435 0.3594496 0.3710795 0.3791174 0.3878827 0.399586 0.4083748 0.4171726 0.4283176 0.4371464 0.4459821 0.4577729 0.456572 0.4472717 0.4353619 0.4264328 0.4175069 0.4056107 0.3966926 0.3873719 0.3754797 0.3665651 0.3576549 0.3457817 0.3364417 0.3275363 0.3156707 0.3067784
0.02765863 0.03818377 0.045 0.05247856 0.06184658 0.06906518 0.07666159 0.08720665 0.09534149 0.1015135 0.1116468 0.1194739 0.1273146 0.137379 0.1436558 0.1514332 0.1615549 0.1693074 0.1771779 0.1873019 0.1934942 0.2013579 0.2114734 0.2191849 0.2269912 0.236144 0.2441823 0.2522855 0.2631806 0.271413 0.278548 0.2896981 0.298104 0.3065436 0.3178443 0.3263526 0.3339581 0.3482714 0.3568865 0.3655202 0.3770584 0.384948 0.3936521 0.4052777 0.4140109 0.4227552 0.4337568 0.4425381 0.451328 0.4630604 0.4552593 0.4459114 0.4340472 0.4251541 0.4162655 0.4044218 0.3955452 0.3861735 0.3743394 0.3654709 0.356609 0.3448043 0.3354102 0.3265593 0.3147713 0.3059412
0.03354102 0.04459821 0.05307541 0.06 0.06847627 0.07648529 0.08405355 0.09415413 0.102 0.1087474 0.1189832 0.1265701 0.1343317 0.1447791 0.1507481 0.1585181 0.1689083 0.1764908 0.184201 0.1946535 0.2006639 0.2083867 0.2188355 0.2264155 0.2340961 0.2430185 0.2509442 0.2589401 0.2696998 0.2778363 0.2848105 0.2958463 0.304171 0.3125332 0.323736 0.3311571 0.3396498 0.3510128 0.3595622 0.3681331 0.3795919 0.3873603 0.3960114 0.4075696 0.4162547 0.4249529 0.4358371 0.4445773 0.4533277 0.4650097 0.45671 0.4473321 0.4355066 0.4266439 0.417787 0.4059877 0.3971461 0.3877435 0.3759588 0.3671294 0.3583085 0.3465617 0.3371365 0.3283322 0.3166102 0.3078327
0.03841875 0.04837355 0.05636488 0.06462198 0.07323933 0.08077747 0.08858894 0.09904545 0.1065317 0.1127697 0.1234382 0.1314877 0.1389748 0.149218 0.1555956 0.1631349 0.1734042 0.1812457 0.1889047 0.1975905 0.2054288 0.2130634 0.2232935 0.2310779 0.2388347 0.2474773 0.2552646 0.2631292 0.2737243 0.2817446 0.2885308 0.2994295 0.3076573 0.3159272 0.3270138 0.3342813 0.3426967 0.3539619 0.3624417 0.3709461 0.3823206 0.3899654 0.3985599 0.4100463 0.4186801 0.4273289 0.4380924 0.4467885 0.4554964 0.4671242 0.4583329 0.4489287 0.4371464 0.4283176 0.4194961 0.4077462 0.3983227 0.3895151 0.3777857 0.369 0.3602249 0.3485427 0.3390929 0.3303407 0.3186927 0.3099742
0.0468615 0.05531727 0.06242596 0.06997142 0.07920227 0.08746427 0.09486833 0.1049571 0.1127697 0.1189832 0.1291395 0.1369525 0.1449034 0.1555956 0.1615549 0.1693074 0.1797248 0.1873019 0.195 0.2038676 0.2114734 0.2191849 0.2296127 0.2372277 0.2449 0.2537972 0.2613962 0.2690818 0.2794513 0.2873117 0.2938469 0.3045554 0.3126484 0.3207896 0.3317137 0.3387743 0.3470807 0.358208 0.3665897 0.375 0.3862551 0.3937322 0.4022462 0.4136303 0.4221907 0.4307691 0.4413672 0.45 0.4586469 0.4695551 0.4607613 0.451328 0.4396101 0.4308317 0.4220628 0.4103864 0.4009351 0.3921862 0.3805391 0.3718185 0.3631116 0.3515252 0.3420526 0.3333782 0.32184 0.3132092
0.05408327 0.06155485 0.0680147 0.075 0.08335466 0.09124143 0.09931767 0.109859 0.1173456 0.1235476 0.1339627 0.1415097 0.149218 0.159706 0.1663851 0.1739483 0.184201 0.1920234 0.1997198 0.2083867 0.2162082 0.2238772 0.2340961 0.2418677 0.2496498 0.2582789 0.2660545 0.2738065 0.2840035 0.2917413 0.2980889 0.3086503 0.3166386 0.3246798 0.3354773 0.3423814 0.3506024 0.3616214 0.3699256 0.3782618 0.3883465 0.396772 0.4052222 0.4165249 0.425027 0.4335493 0.4440203 0.4526025 0.4612006 0.4715347 0.4627786 0.4533277 0.4416628 0.4329261 0.4242004 0.4125845 0.4031178 0.3944173 0.3828381 0.3741711 0.3655202 0.3540127 0.3445301 0.3359196 0.3244719 0.315913
0.06177378 0.06841052 0.07427651 0.08072174 0.08823265 0.09571833 0.1034456 0.1140395 0.1221556 0.1281601 0.1384233 0.1462942 0.1539383 0.164125 0.1704729 0.1784433 0.1889047 0.1965401 0.2042866 0.2130634 0.2207193 0.2284732 0.2388347 0.2464569 0.2541692 0.2629924 0.2706326 0.2783541 0.2887646 0.2963781 0.3025393 0.3129505 0.3208317 0.3287704 0.3394378 0.3461849 0.3543177 0.3652246 0.3734488 0.381708 0.391635 0.3999913 0.4083748 0.4195927 0.4280339 0.4364974 0.4468389 0.455368 0.4639148 0.4736771 0.4649613 0.4554964 0.4438885 0.4351965 0.4265173 0.4149663 0.4054886 0.39684 0.3853336 0.376724 0.3681331 0.3557879 0.3472233 0.3386813 0.3273301 0.3188479
0.07379024 0.07988116 0.08527602 0.09124143 0.09794897 0.105 0.1123299 0.12245 0.1302498 0.1368539 0.1472753 0.1548709 0.16261 0.1730665 0.1790475 0.1867967 0.1972942 0.2052754 0.2130634 0.2217769 0.2296127 0.2372277 0.2474773 0.2552646 0.2629924 0.2716615 0.2794513 0.287155 0.2973785 0.3051311 0.3113214 0.3215603 0.3293175 0.3371365 0.3476507 0.354216 0.362243 0.3730147 0.3811417 0.3893071 0.3990451 0.4073156 0.4156164 0.4267283 0.4350931 0.4434828 0.4536651 0.4621266 0.4706081 0.4738955 0.4652419 0.4557631 0.4442432 0.4356203 0.4270129 0.4155622 0.4060763 0.3975085 0.3861153 0.377595 0.3690976 0.3567857 0.3483231 0.3398882 0.3286883 0.3200313
0.081939 0.08746427 0.09241753 0.09794897 0.1039663 0.1106345 0.1176138 0.1273146 0.1348332 0.1410319 0.1516113 0.1596778 0.1672752 0.1775078 0.1838831 0.1914367 0.2016928 0.2095066 0.2174121 0.2264155 0.2340961 0.2418677 0.2521785 0.259825 0.2675556 0.2763422 0.2840035 0.2917413 0.3021076 0.3097418 0.3159272 0.3262698 0.3339176 0.3416314 0.3520114 0.3584215 0.3663564 0.3770106 0.3850532 0.3931374 0.4027158 0.4109124 0.419142 0.4301628 0.4384621 0.4467885 0.456838 0.4652419 0.4736676 0.4764242 0.4678173 0.4583329 0.4468792 0.4383081 0.4297546 0.418379 0.4088924 0.4003848 0.3890758 0.3806219 0.3721089 0.359825 0.3508974 0.3419737 0.3300818 0.3211682
