MyMainGIS/bin/Debug/Data/DLS_Input/highRisk_economic/sc1gr5.grid
ncols         442
nrows         735
xllcorner     -502080.37185814
yllcorner     2671876.5851211
cellsize      100
NODATA_value  -9999
[rows 58 to 86 of 735, columns 264 to 329 of 442]
-9999 -9999 -9999 -9999 -9999 -9999 -9999 -9999 -9999 -9999 -9999 -9999 -9999 -9999 -9999 -9999 -9999 -9999 -9999 -9999 -9999 -9999 -9999 -9999 -9999 -9999 -9999 -9999 -9999 -9999 -9999 -9999 -9999 -9999 -9999 -9999 -9999 -9999 -9999 -9999 -9999 -9999 -9999 -9999 -9999 -9999 -9999 -9999 -9999 -9999 -9999 -9999 0.5759141 0.5703867 0.5678486 0.5646698 0.562442 0.5602615 0.5545052 0.5525296 0.5506941 0.5483521 0.5466013 0.5420378 0.5401083 0.5388321
-9999 -9999 -9999 -9999 -9999 -9999 -9999 -9999 -9999 -9999 -9999 -9999 -9999 -9999 -9999 -9999 -9999 -9999 -9999 -9999 -9999 -9999 -9999 -9999 -9999 -9999 -9999 -9999 -9999 -9999 -9999 -9999 -9999 -9999 -9999 -9999 -9999 -9999 -9999 -9999 -9999 -9999 -9999 -9999 -9999 -9999 -9999 -9999 -9999 -9999 -9999 0.561008 0.5730314 0.57816 0.575703 0.5726308 0.5704735 0.5682684 0.56261 0.5607111 0.5589508 0.5565789 0.5549027 0.550408 0.5485736 0.5473664
-9999 -9999 -9999 -9999 -9999 -9999 -9999 -9999 -9999 -9999 -9999 -9999 0.3142133 -9999 -9999 -9999 -9999 -9999 -9999 -9999 -9999 -9999 -9999 -9999 -9999 -9999 -9999 -9999 -9999 -9999 -9999 -9999 -9999 -9999 -9999 -9999 -9999 -9999 -9999 -9999 -9999 -9999 -9999 -9999 -9999 -9999 -9999 -9999 -9999 -9999 0.5508003 0.5580323 0.5677535 0.5768275 0.5841995 0.5813579 0.5791865 0.5770147 0.5713956 0.5695261 0.5677931 0.5654104 0.5637606 0.5592888 0.5574836 0.5562958
-9999 -9999 -9999 -9999 -9999 -9999 -9999 -9999 -9999 -9999 -9999 0.301347 0.303 0.3056027 0.3078474 0.3103369 -9999 -9999 -9999 -9999 -9999 0.3380961 0.3435884 -9999 -9999 -9999 -9999 -9999 -9999 -9999 -9999 -9999 -9999 -9999 -9999 -9999 0.4306751 0.4412346 0.4476438 0.454141 0.4629341 0.4696222 0.4783565 0.4874515 0.4943541 0.5013232 0.5107142 0.5196586 0.5268055 0.5364215 0.5436957 0.5510209 0.5608636 0.5699843 0.5774435 0.5874564 0.5908172 0.5886884 0.58312 0.5812882 0.5795593 0.5771941 0.575578 0.5711357 0.5693681 0.5682051
-9999 -9999 -9999 -9999 -9999 -9999 -9999 -9999 -9999 -9999 0.2880781 0.2924808 0.2941836 0.2968636 0.2991739 0.301735 0.3083586 0.3114514 0.3147713 0.3195387 0.3233605 0.3300546 0.3356784 0.3401132 0.344726 0.351141 0.3586224 0.363743 0.3708005 -9999 -9999 -9999 -9999 0.4036087 0.4117329 0.4179486 0.4242641 0.4349172 0.4414182 0.4480056 0.4569168 0.4636917 0.4724786 0.4816845 0.4886686 0.4957177 0.5052128 0.5142003 0.5214221 0.5311356 0.5384812 0.5458764 0.5574836 0.5649646 0.5724893 0.5825874 0.5902076 0.5974521 0.5919206 0.5901161 0.5883672 0.5860376 0.5844459 0.580025 0.5782845 0.5771395
0.2795157 0.2771877 0.2757716 0.2746434 0.2735928 0.2761467 0.276 0.2762607 0.2767977 0.2776257 0.2791774 0.283623 0.2853787 0.2881406 0.2905202 0.293157 0.29988 0.3030594 0.3064702 0.3113647 0.3152856 0.3220637 0.3278247 0.3323643 0.3370831 0.3436408 0.3512051 0.3564323 0.3636317 0.3691951 0.374892 0.384948 0.390899 0.3969648 0.4052222 0.4115361 0.4179486 0.4286957 0.4352896 0.4419683 0.4509989 0.4578613 0.4667001 0.4760179 0.4830838 0.4902132 0.499813 0.5088428 0.5161395 0.5259506 0.5333676 0.5408327 0.5524971 0.5600446 0.5676346 0.5778174 0.5854998 0.5932192 0.600727 0.5989491 0.5971808 0.5948857 0.5933177 0.5889176 0.5872036 0.5860759
0.2678078 0.2653771 0.2638977 0.2627185 0.26162 0.2641534 0.264 0.2642726 0.2648339 0.2656991 0.2702832 0.2718272 0.2736585 0.2765375 0.2790161 0.2817605 0.2886243 0.2919264 0.2954657 0.3005395 0.3045997 0.3114948 0.3174476 0.3221335 0.327 0.3337559 0.3414337 0.3468083 0.3542033 0.3599125 0.365754 0.3759588 0.3820497 0.3882538 0.3966926 0.4031402 0.409684 0.4205568 0.4272763 0.4340783 0.4432697 0.4502499 0.4591568 0.4686246 0.4758004 0.4830373 0.4927768 0.5018615 0.5092583 0.5191994 0.5267115 0.5342696 0.5460082 0.5536443 0.5613208 0.5716161 0.5793807 0.5897881 0.601715 0.6095834 0.6083568 0.6061633 0.6046693 0.6003374 0.5987161 0.5976554
0.2590444 0.2565307 0.255 0.2537794 0.252642 0.2551588 0.255 0.2552822 0.2558632 0.2567586 0.2613962 0.2629924 0.2648849 0.2678582 0.2704163 0.2732472 0.2802231 0.283623 0.2872647 0.2924808 0.2966513 0.303638 0.3113214 0.3161835 0.3212242 0.3282088 0.3360134 0.3415523 0.3491619 0.3550282 0.3610235 0.3713825 0.3776188 0.3839648 0.3925876 0.3991691 0.4058436 0.4168381 0.4236803 0.4306019 0.4399477 0.4470403 0.4560099 0.4656189 0.4728975 0.4802343 0.490103 0.4992364 0.5067248 0.5167843 0.5243825 0.5320244 0.5438281 0.5515433 0.5592968 0.569692 0.5775292 0.5853999 0.5973693 0.6052942 0.6132487 0.6150293 0.6135569 0.6092438 0.6076463 0.6066012
0.2495957 0.2471315 0.2456522 0.2444954 0.2434625 0.2460732 0.2460183 0.2464569 0.247168 0.2482035 0.2530336 0.2547882 0.2568463 0.26005 0.262787 0.2658007 0.273 0.2765863 0.2804158 0.2858828 0.2902413 0.2973785 0.3037269 0.3087086 0.3138694 0.321014 0.3289073 0.3345639 0.3423288 0.3483102 0.3544192 0.3648918 0.3712371 0.3776903 0.3864531 0.3931374 0.3999125 0.411 0.4179378 0.4249529 0.4344203 0.4416016 0.4506196 0.4603412 0.4677018 0.4751189 0.4850917 0.4942631 0.5018257 0.5119814 0.5196499 0.5273604 0.5392161 0.5469964 0.5548135 0.565291 0.5731884 0.5811179 0.5931281 0.601109 0.6091182 0.6198395 0.6224476 0.6181529 0.6165785 0.6155486
0.2379286 0.2353423 0.2337884 0.2325726 0.2314865 0.2340769 0.2340192 0.2344803 0.2352275 0.2363155 0.2412343 0.2430741 0.2452305 0.248584 0.2514458 0.2545938 0.2619638 0.2656991 0.2696832 0.2753634 0.2798857 0.287155 0.2937244 0.2988729 0.3042006 0.311567 0.319581 0.3253998 0.3333782 0.3395173 0.3457817 0.3564071 0.3629008 0.3694997 0.3784521 0.3852752 0.3921862 0.4033968 0.4104631 0.4176039 0.4272341 0.4345342 0.4436147 0.4534865 0.4609566 0.4684805 0.4785917 0.4878114 0.4954725 0.5057558 0.5135173 0.5213185 0.533241 0.5411072 0.5490082 0.5595945 0.5675712 0.575578 0.5876402 0.5956945 0.6037756 0.6145901 0.6227295 0.6300357 0.628491 0.6274807
0.2292008 0.2265149 0.2249 0.2236359 0.2225062 0.22508 0.22502 0.2254994 0.2262764 0.2274071 0.2323984 0.2343075 0.2365439 0.2400188 0.2429815 0.2462377 0.253744 0.2575985 0.2617059 0.2675556 0.2722076 0.2795801 0.2863232 0.2916025 0.2970606 0.3045997 0.3127059 0.3186503 0.3267935 0.3330541 0.3394378 0.3501785 0.3567857 0.3634955 0.3725923 0.3795207 0.3865346 0.3978367 0.405 0.4122353 0.4219881 0.4293774 0.4385031 0.4484875 0.4560395 0.4636432 0.4738576 0.4831118 0.4908462 0.5012245 0.509055 0.5169236 0.5288941 0.536824 0.5447871 0.5554538 0.5634891 0.5728822 0.5836523 0.5917609 0.599895 0.6107782 0.6189677 0.6284052 0.6374276 0.6364315
0.2204949 0.2177016 0.2160208 0.2147044 0.2135275 0.2160833 0.2160208 0.2165202 0.2173292 0.2185063 0.2235755 0.2255593 0.2278815 0.2314865 0.234557 0.2406927 0.2455789 0.2495596 0.2537972 0.259825 0.2646129 0.2720919 0.2790161 0.284431 0.2900241 0.2977415 0.3059412 0.3120144 0.3203264 0.3267109 0.3332161 0.3440727 0.3507948 0.3576171 0.3668596 0.3738944 0.3828381 0.3924041 0.3996649 0.4069951 0.4168705 0.4243489 0.4335182 0.4436147 0.4512483 0.4589314 0.4692484 0.4785353 0.4863425 0.4968148 0.5047138 0.512649 0.5246657 0.5326585 0.5406829 0.551429 0.5595221 0.5689332 0.5797766 0.5879388 0.596125 0.6070758 0.6153145 0.624764 0.6357877 0.6440784
0.2089258 0.2059757 0.2041984 0.2028053 0.2015589 0.2040882 0.2040221 0.2045507 0.2054069 0.2066519 0.2118348 0.2139276 0.2163747 0.2201681 0.2233943 0.2296715 0.2347871 0.2389477 0.2433701 0.2496498 0.2546292 0.2622556 0.2694328 0.2750364 0.2808167 0.2887802 0.297106 0.3054701 0.31407 0.3206634 0.3273713 0.3384154 0.3453259 0.3523308 0.361808 0.3690122 0.3780476 0.3878247 0.3952379 0.4027158 0.4127808 0.4219881 0.4296289 0.4398966 0.4476539 0.4554569 0.4659281 0.475261 0.483177 0.4937895 0.5017898 0.5098235 0.5219052 0.5299906 0.538105 0.5489672 0.5571445 0.5665792 0.5775292 0.5857688 0.5940303 0.6050785 0.6145388 0.6228523 0.6339661 0.6423224
0.1994492 0.1965401 0.1948153 0.1934942 0.1923746 0.1950231 0.1950923 0.195829 0.1968604 0.1982952 0.2037351 0.2060413 0.2087103 0.2128098 0.2162707 0.2227487 0.2281776 0.2325726 0.2372277 0.2438135 0.2514458 0.2568112 0.2642726 0.2700833 0.2760652 0.2842886 0.2927422 0.2991739 0.3079497 0.3146713 0.3215043 0.332662 0.3396896 0.3468083 0.3564323 0.363743 0.3728337 0.382744 0.3902538 0.3978253 0.408011 0.4172589 0.4249847 0.4353619 0.4431986 0.4510787 0.4616492 0.4710096 0.4789958 0.4896989 0.497765 0.5058627 0.5179846 0.5261302 0.5343032 0.5452412 0.5534736 0.5629218 0.5739416 0.5822319 0.590543 0.6016552 0.6111243 0.6194836 0.6306568 0.6390563
0.1908009 0.1877578 0.1859516 0.1845671 0.183393 0.1860242 0.1860968 0.1868689 0.1879495 0.1894518 0.195 0.1974082 0.2001924 0.2044627 0.2080625 0.2146625 0.2202907 0.2248399 0.2296519 0.2364487 0.2442007 0.2497219 0.2573888 0.2633515 0.2694829 0.2779011 0.286449 0.2930188 0.3019735 0.3088252 0.3157848 0.327055 0.3342005 0.3414337 0.3512051 0.3586224 0.3677662 0.3778095 0.3854153 0.3930801 0.4033857 0.4126718 0.4204819 0.4309675 0.4388827 0.4468389 0.4588725 0.4668929 0.4749484 0.4857407 0.4938715 0.5020319 0.5141916 0.5223964 0.530627 0.5416391 0.5499254 0.5593854 0.5704735 0.5788134 0.5871729 0.5983477 0.607824 0.616228 0.6274592 0.6359009
0.1793237 0.1760824 0.1741551 0.172676 0.1744133 0.1740258 0.1741034 0.1749285 0.1760824 0.1776851 0.183393 0.1859516 0.1889047 0.1934244 0.1972257 0.204 0.2099143 0.2146835 0.219718 0.2268127 0.2347296 0.2404683 0.248421 0.2545938 0.260931 0.2716615 0.2782894 0.2850474 0.2942448 0.3012723 0.3084023 0.3198203 0.3271238 0.3345101 0.3444779 0.352037 0.3612478 0.3714674 0.3792005 0.3869884 0.3974519 0.406785 0.4147059 0.425334 0.4333521 0.4414079 0.4535064 0.46162 0.4697659 0.4806745 0.4888895 0.4971318 0.5093378 0.5176196 0.5259249 0.5370335 0.5453898 0.5548621 0.5660388 0.5744432 0.5828654 0.5941212 0.6036042 0.6120661 0.6233723 0.6318687
0.170763 0.1673559 0.165327 0.1637681 0.1654358 0.1650273 0.1651091 0.1659789 0.1671945 0.1688816 0.1747226 0.1774063 0.1804993 0.1852242 0.1891904 0.1961046 0.2022498 0.2071956 0.2124076 0.2197385 0.2277828 0.2336921 0.2418677 0.2482035 0.2546998 0.2655805 0.2723564 0.2792579 0.2886399 0.2958006 0.3030594 0.3145854 0.3220078 0.3295087 0.3396233 0.3472881 0.3565459 0.3668964 0.3747239 0.3826029 0.3931831 0.4025481 0.4105508 0.4212838 0.4293774 0.4375066 0.4496498 0.4578318 0.466044 0.4770378 0.4853144 0.4936163 0.5058537 0.5141916 0.5225514 0.5337303 0.5421374 0.5516167 0.5628579 0.571309 0.5797766 0.5910913 0.6005772 0.6090813 0.6204418 0.6289777
0.1622498 0.15866 0.1565184 0.1548709 0.1564609 0.1560289 0.1561153 0.157035 0.1583193 0.1601 0.1660873 0.1689083 0.172154 0.1771017 0.1812457 0.1883083 0.1946998 0.1998324 0.2052316 0.2128098 0.2209842 0.2270705 0.2354761 0.2419793 0.2486383 0.259669 0.2665952 0.2736421 0.2832102 0.2905047 0.2978926 0.3095238 0.3170647 0.3246798 0.3349403 0.3427098 0.3520114 0.3624914 0.3704119 0.3783808 0.3890758 0.3984696 0.4065526 0.4201071 0.4282861 0.4364974 0.4486881 0.4569464 0.4652322 0.4763203 0.4846649 0.4930325 0.5053019 0.5137013 0.5221207 0.533376 0.5418385 0.5513229 0.562634 0.5711357 0.5796525 0.5910305 0.6005173 0.6090665 0.6204853 0.6290635
0.14994 0.1462942 0.1441562 0.1425553 0.144281 0.144 0.144281 0.1455232 0.1470918 0.1491878 0.1555956 0.1587734 0.1623884 0.1678392 0.172363 0.1797248 0.1866039 0.1920937 0.1978408 0.2058665 0.2142639 0.2206581 0.2294559 0.2362393 0.2431666 0.2544347 0.2616028 0.268881 0.2787418 0.2862447 0.2938316 0.3056174 0.3133385 0.3211261 0.3316052 0.3395306 0.3488911 0.3595622 0.3676194 0.3757193 0.3865812 0.3960114 0.4042104 0.4151939 0.4234678 0.4317707 0.4440102 0.4523539 0.4607223 0.4719163 0.4803374 0.4887791 0.5010808 0.5095498 0.5180367 0.5293788 0.5379043 0.5473911 0.5587817 0.5673411 0.5759141 0.5873644 0.5968492 0.6054503 0.616936 0.625563
0.1415097 0.1376408 0.1353662 0.13366 0.1352997 0.135 0.1352997 0.1366236 0.1382932 0.1405205 0.1471224 0.1504792 0.1542887 0.1600156 0.1647544 0.1722846 0.1794492 0.1851513 0.1911073 0.1994041 0.2079327 0.2145157 0.2235554 0.2305125 0.2376068 0.2490181 0.2563377 0.2637613 0.2738065 0.2814409 0.2891539 0.3010332 0.3088689 0.3167665 0.3273851 0.3354102 0.3448043 0.3555981 0.363743 0.3719274 0.3828968 0.3923468 0.4006208 0.4117002 0.4200429 0.4284122 0.4406835 0.4490891 0.4575172 0.4687878 0.4772641 0.4857592 0.4980813 0.5066004 0.5151359 0.5265406 0.5351112 0.5445971 0.556045 0.5646459 0.5732591 0.5847615 0.5942424 0.6028805 0.6144143 0.6230762
0.133154 0.1290349 0.1266057 0.1247798 0.126321 0.126 0.126321 0.127738 0.1295222 0.1318977 0.1387155 0.1422709 0.1462942 0.152322 0.1572927 0.165 0.1724674 0.1783928 0.1845671 0.193145 0.2018044 0.2085809 0.2178669 0.225 0.2322628 0.2438135 0.2512847 0.2588533 0.2690818 0.2768465 0.284684 0.2966513 0.3045997 0.3126052 0.3233605 0.331483 0.3409061 0.3518195 0.36005 0.3683164 0.3793903 0.388856 0.3972027 0.4083748 0.4167841 0.4252176 0.4375168 0.4459821 0.4544678 0.4658122 0.4743417 0.4838285 0.4952272 0.5037946 0.5123768 0.5238416 0.5324556 0.5419382 0.553441 0.5620818 0.5707337 0.5822861 0.5917609 0.6004348 0.6120147 0.6207101
0.1221556 0.117652 0.1149826 0.112969 0.1143547 0.114 0.1143547 0.1159181 0.1178813 0.1233288 0.1276323 0.1314877 0.1358308 0.1423025 0.147611 0.1555667 0.1634656 0.1697056 0.1761846 0.1851513 0.193982 0.2010224 0.2106419 0.2180115 0.2254994 0.2372277 0.2449 0.2526598 0.2631292 0.2710646 0.2804318 0.2911391 0.299234 0.3073792 0.3183112 0.3265593 0.3360134 0.3470807 0.3554209 0.3637925 0.375 0.3844802 0.3929198 0.4042104 0.4127045 0.4212197 0.4335493 0.4420905 0.4506495 0.4620877 0.4706846 0.4801687 0.4916523 0.5002809 0.5089224 0.5204632 0.5291323 0.5386065 0.5501791 0.5588703 0.5675712 0.5791865 0.5886502 0.5973693 0.6090074 0.6177451
0.1140395 0.1092016 0.1063203 0.1041393 0.105385 0.105 0.105385 0.1070794 0.1092016 0.1148259 0.1194362 0.1235476 0.1281601 0.135 0.1405845 0.1487347 0.1569777 0.1634656 0.1701823 0.1794492 0.1884038 0.1956451 0.2055164 0.2130634 0.2207193 0.2325726 0.2403934 0.2482942 0.2589401 0.267 0.2764073 0.2872647 0.2954657 0.303712 0.3147713 0.324236 0.3325808 0.3437586 0.3521775 0.3606245 0.3719274 0.3814132 0.3899192 0.4012942 0.4098487 0.418422 0.4307691 0.4393643 0.4479754 0.4623603 0.4710096 0.4804873 0.4920366 0.5007125 0.5093997 0.520999 0.5304658 0.5391744 0.5508003 0.5595302 0.5682684 0.5799319 0.5893836 0.5981371 0.6098197 0.6185895
0.106066 0.1008464 0.09771898 0.09534149 0.09642095 0.096 0.09642095 0.09827004 0.1005783 0.1064049 0.1113643 0.1157627 0.1224132 0.1298345 0.1380326 0.1442498 0.1529706 0.1597905 0.1668173 0.1764653 0.185564 0.1930518 0.2032265 0.2109834 0.2188355 0.2308246 0.2388158 0.2468765 0.2577208 0.2659192 0.2753634 0.2863861 0.2947032 0.3030594 0.3142563 0.323736 0.3321747 0.3434705 0.351973 0.3604997 0.3719032 0.3813896 0.3899654 0.4014287 0.4100463 0.4186801 0.4310406 0.4396919 0.448357 0.4599304 0.4686246 0.4780931 0.4896989 0.4984155 0.507142 0.5187919 0.5282471 0.5369916 0.5486638 0.5574272 0.5661979 0.5779032 0.5873414 0.596125 0.6078462 0.6166441
0.09415413 0.08863972 0.08538149 0.08297589 0.08421402 0.08405355 0.08485281 0.08736131 0.09024965 0.09660745 0.1023963 0.1074151 0.1129292 0.1209339 0.1294179 0.1360294 0.1452446 0.1524106 0.1597623 0.1698117 0.1790475 0.1867967 0.1972942 0.2052754 0.2133378 0.2254595 0.2336343 0.2418677 0.2529269 0.2612757 0.2707489 0.2819521 0.2903963 0.2988729 0.3102209 0.3197077 0.3282499 0.3396763 0.3482714 0.3568865 0.3692438 0.3778809 0.3865346 0.3980967 0.406785 0.4154865 0.4278551 0.4365696 0.4452954 0.4569464 0.4656962 0.4751474 0.4868234 0.4955906 0.5043659 0.5160785 0.525514 0.5343032 0.546033 0.5548378 0.5636488 0.5760078 0.5848231 0.5936438 0.6054131 0.6142459
0.08653323 0.08049845 0.07689603 0.0742159 0.07523962 0.07505997 0.07595393 0.07874643 0.081939 0.08858894 0.09486833 0.1002646 0.1061508 0.1146298 0.1233288 0.1302498 0.1398464 0.1472753 0.1548709 0.1667093 0.1745423 0.1824829 0.1932149 0.2013579 0.209571 0.2217769 0.2300826 0.2384387 0.2496498 0.2581047 0.2675892 0.2789193 0.2874526 0.2960135 0.3074671 0.3169511 0.3255656 0.3370831 0.3457427 0.3544192 0.366786 0.3754797 0.3841875 0.3958181 0.4045553 0.4133038 0.4256724 0.4344307 0.4431986 0.4549033 0.4636917 0.4731258 0.4848505 0.4936527 0.502462 0.5142179 0.5236353 0.5324556 0.5442252 0.5530588 0.5618976 0.5742473 0.5830892 0.5919358 0.6037383 0.6125953
0.07920227 0.07256032 0.06854196 0.06552099 0.06627217 0.06606814 0.06708204 0.0702282 0.07379024 0.08077747 0.08761849 0.09343447 0.09972462 0.108706 0.1176138 0.1248519 0.1348332 0.1425237 0.1503596 0.1623607 0.1703937 0.1785189 0.1894756 0.1977726 0.2061286 0.2184033 0.2268325 0.2353041 0.2466577 0.2552117 0.2646979 0.2761467 0.2847631 0.2934025 0.3049541 0.3144281 0.3231099 0.3347118 0.3434312 0.3521647 0.364534 0.37328 0.382038 0.3937322 0.4025146 0.4113064 0.4236697 0.4324685 0.4412754 0.4530298 0.4618539 0.4712674 0.4830373 0.4918719 0.5007125 0.5125086 0.5219052 0.5307542 0.5425606 0.5514209 0.5602856 0.5726229 0.5814894 0.59036 0.6021935 0.6110728
0.0700357 0.06242596 0.05770615 0.05408327 0.05433231 0.05408327 0.05531727 0.05909315 0.06328507 0.07080255 0.07851751 0.08495881 0.09183136 0.1015135 0.1106752 0.1183385 0.1288255 0.1368539 0.1449966 0.1571783 0.165463 0.1738189 0.185054 0.1935407 0.2020718 0.2144108 0.222991 0.2316031 0.2431296 0.2518035 0.2612757 0.2728681 0.2815848 0.2903188 0.3019884 0.311437 0.3201999 0.3319036 0.3406949 0.3494968 0.3618577 0.370667 0.3794852 0.3912557 0.4000925 0.4089364 0.4212838 0.4301314 0.4389852 0.4507993 0.4596662 0.4690469 0.4808711 0.4927038 0.5015835 0.5134296 0.5227925 0.5316775 0.5435301 0.5524237 0.5613208 0.5736358 0.5825332 0.5914338 0.6033059 0.6122132
0.06378087 0.05531727 0.04992995 0.04569464 0.04539824 0.04509989 0.04657253 0.051 0.05580323 0.06378087 0.07224957 0.07920227 0.08653323 0.09674709 0.106066 0.1140395 0.124888 0.1359301 0.1443122 0.1566046 0.1650818 0.1736116 0.185054 0.1936802 0.2023388 0.2147044 0.2233943 0.2321077 0.2437581 0.2525173 0.2619638 0.2736585 0.2824465 0.2912473 0.303 0.312418 0.3212382 0.3330135 0.3418552 0.350705 0.3630496 0.3719032 0.3807637 0.3925876 0.4014623 0.4103425 0.4226701 0.4315518 0.4404384 0.4522941 0.4611909 0.4705411 0.4824034 0.4913044 0.5002089 0.5120869 0.5214221 0.5303301 0.5422121 0.5511271 0.5600446 0.57234 0.5812573 0.5901771 0.6020739 0.6109992
