MyMainGIS/bin/Debug/Data/DLS_Input/highRisk_economic/sc1gr5.grid
ncols         442
nrows         735
xllcorner     -502080.37185814
yllcorner     2671876.5851211
cellsize      100
NODATA_value  -9999
[rows 261 to 289 of 735, columns 264 to 329 of 442]
0.05762812 0.06579514 0.07212489 0.07874643 0.08823265 0.09548298 0.1021763 0.109859 0.1166919 0.1233288 0.1314877 0.136821 0.140264 0.1466322 0.1514332 0.1566046 0.1640152 0.1677051 0.1739483 0.1826308 0.1893806 0.196311 0.2040221 0.211367 0.2188355 0.2289651 0.236677 0.244477 0.2536021 0.26162 0.2696998 0.2730165 0.2712803 0.2728021 0.2713466 0.2705993 0.2701499 0.2700167 0.2732636 0.2738065 0.2749873 0.2762119 0.2777229 0.2830989 0.2852367 0.2876404 0.2912473 0.2942448 0.2974845 0.3049098 0.3086503 -9999 -9999 -9999 -9999 -9999 -9999 -9999 -9999 -9999 -9999 -9999 -9999 -9999 -9999 -9999
0.06579514 0.07262231 0.07988116 0.087 0.09567131 0.1026158 0.109859 0.1171537 0.1242015 0.1314877 0.140264 0.1464787 0.149459 0.1570637 0.1615549 0.1664121 0.1734042 0.1766946 0.1826308 0.1909188 0.1973854 0.2040441 0.2113031 0.2184033 0.2256391 0.2354761 0.2429815 0.2505853 0.2593569 0.2666627 0.2641704 0.2612929 0.2594783 0.260931 0.2594089 0.2586271 0.2581569 0.2580174 0.2612757 0.2618434 0.2630779 0.2643577 0.2659361 0.271413 0.2736421 0.2761467 0.2799017 0.2830194 0.2863861 0.2939694 0.2978473 -9999 -9999 -9999 -9999 -9999 -9999 -9999 -9999 -9999 -9999 -9999 -9999 -9999 -9999 -9999
0.07080255 0.07851751 0.08527602 0.09241753 0.1018234 0.1083743 0.1152562 0.1231097 0.1298345 0.136821 0.1463865 0.1529706 0.1566046 0.1640152 0.1693074 0.1739483 0.1806488 0.1836627 0.1893806 0.1973854 0.2036467 0.2101071 0.2170392 0.2239576 0.2310195 0.2406366 0.2479859 0.2554408 0.260931 0.2580698 0.2554936 0.2525173 0.2506392 0.2520357 0.2504596 0.2496498 0.2491626 0.2490181 0.2522855 0.2528735 0.2541516 0.255476 0.2571089 0.2626671 0.2649698 0.2675556 0.2714295 0.2746434 0.2793224 0.2871237 0.2911391 0.2952372 -9999 -9999 -9999 -9999 -9999 -9999 -9999 -9999 -9999 -9999 -9999 -9999 -9999 -9999
0.07874643 0.08653323 0.09343447 0.1002646 0.109859 0.1166919 0.1233288 0.1308014 0.1380326 0.1448102 0.1542012 0.1612762 0.1656532 0.1728843 0.1786197 0.183172 0.1897367 0.1926084 0.1982044 0.2060413 0.2121745 0.2185063 0.2252199 0.2320108 0.2389477 0.2484029 0.2556345 0.2529269 0.2514458 0.248584 0.2460183 0.2430741 0.2412343 0.242685 0.241197 0.2404683 0.240075 0.240075 0.2434625 0.2441823 0.2456522 0.2471315 0.2489277 0.2546998 0.2571789 0.2599461 0.2640682 0.2674715 0.2711309 0.2790645 0.2830989 0.2873117 -9999 -9999 -9999 -9999 -9999 -9999 -9999 -9999 -9999 -9999 -9999 -9999 -9999 -9999
0.087 0.093723 0.1008018 0.1081665 0.1171537 0.1242015 0.1314877 0.1382932 0.1452446 0.1524106 0.161722 0.1686683 0.174 0.1824089 0.1878776 0.1934942 0.1997198 0.2022721 0.2076078 0.2151023 0.2209842 0.2270705 0.2333838 0.2399437 0.2466577 0.2495596 0.2455789 0.2418677 0.2401687 0.2371708 0.2344803 0.2313893 0.2294559 0.2308246 0.2292597 0.2284929 0.2280789 0.2280789 0.2314865 0.2322434 0.2337884 0.2353423 0.2372277 0.2431296 0.2457255 0.2486202 0.2529269 0.2564781 0.2602921 0.2683282 0.272472 0.2768465 -9999 -9999 -9999 -9999 -9999 -9999 -9999 -9999 -9999 -9999 -9999 -9999 -9999 -9999
0.09343447 0.09972462 0.1064049 0.1134063 0.1231097 0.1298345 0.136821 0.1443122 0.1509868 0.1578924 0.1674097 0.1744133 0.1794492 0.1889047 0.195 0.2005293 0.2073475 0.2096783 0.2148302 0.2220811 0.2277828 0.2336921 0.2397186 0.2461097 0.2474773 0.2415885 0.2374742 0.2336343 0.2317585 0.2286504 0.2258584 0.2226477 0.2206377 0.2219392 0.2203111 0.2195131 0.2190822 0.2190822 0.2225062 0.2232935 0.2249 0.2265149 0.2284732 0.2344803 0.2371708 0.2401687 0.2446242 0.2482942 0.252232 0.2603094 0.2645789 0.2690818 0.2754288 -9999 -9999 -9999 -9999 -9999 -9999 -9999 -9999 -9999 -9999 -9999 -9999 -9999
0.1002646 0.106066 0.11245 0.1190966 0.1284056 0.135665 0.1425237 0.15 0.157035 0.1636857 0.1728843 0.18 0.1851513 0.1944454 0.2016036 0.2076078 0.2150814 0.217205 0.2221823 0.2292008 0.2347296 0.2404683 0.2462194 0.2446242 0.2397749 0.2336921 0.2294362 0.2281776 0.2233943 0.2201681 0.2172671 0.2139276 0.2118348 0.2130634 0.211367 0.210535 0.2100857 0.2100857 0.2135275 0.2143479 0.2160208 0.2177016 0.2197385 0.2258584 0.2286504 0.2317585 0.2363726 0.2401687 0.2468765 0.2523569 0.2567586 0.2613962 0.2679254 0.2730659 -9999 -9999 -9999 -9999 -9999 -9999 -9999 -9999 -9999 -9999 -9999 -9999
0.1074151 0.1148651 0.1209339 0.1272792 0.1360294 0.1429021 0.1482194 0.1574929 0.1644536 0.1716042 0.1806239 0.187446 0.1926084 0.2020718 0.2089689 0.2160208 0.2244393 0.2274071 0.2321659 0.2388912 0.2442007 0.2450653 0.24 0.2347105 0.2296519 0.2232935 0.2188355 0.2173499 0.2123229 0.2089258 0.2058665 0.2023388 0.200125 0.2012461 0.1994492 0.1985674 0.1980909 0.1980909 0.2015589 0.2024278 0.2041984 0.2059757 0.2081274 0.2144108 0.2173499 0.2206173 0.2254595 0.2294362 0.236144 0.2418677 0.2464569 0.2512847 0.2580698 0.2634027 0.2712803 0.2788709 -9999 -9999 -9999 -9999 -9999 -9999 -9999 -9999 -9999 -9999
0.1129292 0.1206731 0.1275617 0.1357645 0.1443122 0.1509868 0.1560289 0.1656532 0.1724674 0.1794492 0.1889047 0.1955761 0.2005293 0.21 0.2170392 0.2239576 0.2334031 0.2366199 0.2413649 0.2479859 0.2421652 0.2362393 0.2310195 0.2256391 0.2204949 0.2140327 0.2095066 0.2079543 0.2028719 0.1994492 0.1963797 0.1928652 0.190683 0.1918593 0.1901631 0.1893806 0.1890238 0.1892142 0.1928419 0.1938891 0.1959209 0.1979091 0.2002823 0.2068478 0.2100214 0.2135275 0.2186916 0.2227285 0.2296127 0.2356481 0.2404683 0.2455239 0.2526064 0.2604995 0.2661898 0.2736421 -9999 -9999 -9999 -9999 -9999 -9999 -9999 -9999 -9999 -9999
0.1210826 0.1284056 0.135665 0.1422709 0.1506287 0.157035 0.161722 0.1710263 0.1782162 0.1851513 0.1944454 0.1995846 0.2063032 0.2155203 0.2226073 0.2297303 0.2389477 0.2436473 0.2490181 0.2418305 0.2355525 0.2294559 0.2239576 0.2184033 0.2130845 0.2063904 0.2016928 0.199945 0.1946535 0.1910838 0.1878776 0.184201 0.1848351 0.183 0.1812209 0.1803996 0.180025 0.1802249 0.1838831 0.1849811 0.1871096 0.1891904 0.1916716 0.198386 0.2016928 0.2053412 0.2106419 0.2147673 0.2217769 0.2280197 0.2329978 0.2382121 0.2455056 0.2535133 0.2592007 0.2665952 0.2722076 -9999 -9999 -9999 -9999 -9999 -9999 -9999 -9999 -9999
0.1294179 0.1360294 0.1429021 0.15 0.1592263 0.165463 0.1697586 0.1786449 0.1855398 0.1926084 0.2020718 0.2070869 0.2142008 0.2232331 0.2300826 0.2370759 0.2466029 0.249289 0.2424252 0.2334995 0.2269912 0.2206581 0.2147673 0.2089689 0.2034035 0.1963797 0.1914367 0.1894043 0.1838097 0.180025 0.1766182 0.172702 0.1731704 0.1712104 0.1693074 0.168428 0.1680268 0.1682409 0.1719448 0.1731185 0.175391 0.1776091 0.1802498 0.1871817 0.190683 0.1945379 0.199945 0.2042866 0.2114734 0.2180115 0.2232129 0.2286504 0.2362393 0.2442007 0.2497219 0.2572664 0.2619638 0.2665108 -9999 -9999 -9999 -9999 -9999 -9999 -9999 -9999
0.1281601 0.1405205 0.1487347 0.1555667 0.165 0.1719448 0.1760824 0.1846646 0.1913426 0.1982044 0.2076078 0.2128098 0.2197385 0.2292008 0.2359343 0.2427591 0.2502259 0.2436473 0.2366199 0.2274665 0.2207804 0.2142639 0.2080625 0.2020718 0.196311 0.1890238 0.1838831 0.1816177 0.1757754 0.1718139 0.1682409 0.164125 0.1644536 0.1623884 0.1603808 0.1594522 0.1590283 0.1622498 0.1629969 0.1642346 0.1666283 0.1689615 0.1717353 0.1788463 0.1825075 0.1865074 0.1920234 0.1965401 0.2038676 0.2106419 0.2160208 0.2216348 0.2292008 0.2370759 0.2427591 0.2496498 0.2541692 0.2588533 0.2679254 -9999 -9999 -9999 -9999 -9999 -9999 0.3139841
0.1259286 0.1382932 0.1470918 0.1559134 0.1677051 0.1765673 0.1824829 0.1909188 0.1973854 0.2040441 0.2131901 0.2184033 0.2254994 0.2347296 0.2418119 0.2486383 0.2455239 0.2382121 0.2310195 0.2216348 0.2147673 0.2080625 0.2015366 0.1953458 0.1893806 0.1818158 0.1764653 0.1739483 0.1678392 0.1636857 0.1599312 0.1555956 0.1557691 0.1535871 0.1514629 0.1504792 0.15003 0.1532645 0.1540552 0.1553641 0.1578924 0.1603527 0.1632728 0.1705784 0.1744133 0.1784433 0.184201 0.1889047 0.1963797 0.2034035 0.2089689 0.2147673 0.2220811 0.2300826 0.2356481 0.2418677 0.2464569 0.2512847 0.2605168 -9999 -9999 -9999 0.2847631 0.2908144 0.3012574 0.3075988
0.1239113 0.1361947 0.1451206 0.1540552 0.1659789 0.1749285 0.184201 0.1961275 0.205078 0.2121745 0.2232331 0.2281776 0.2352275 0.2446978 0.2516068 0.2449 0.2363155 0.2288274 0.221452 0.2118136 0.2047486 0.1978408 0.190966 0.1845671 0.1783928 0.170552 0.165 0.1622498 0.1559134 0.1516113 0.1477329 0.1432794 0.143405 0.1412232 0.139169 0.1382932 0.138 0.1415097 0.1425553 0.1441562 0.1471224 0.14994 0.1532351 0.1609969 0.1650273 0.1693074 0.1755705 0.1806488 0.1884038 0.1958979 0.2016036 0.2070869 0.2147673 0.2222836 0.2269912 0.2330944 0.2379664 0.2430741 0.2526064 0.2581569 0.2638977 0.2718272 0.2779658 0.2842569 0.2949322 0.3014963
0.1261428 0.1382932 0.1472753 0.1562594 0.1682409 0.1772287 0.1863867 0.1983633 0.2073475 0.2163331 0.2283156 0.2339615 0.2408423 0.2502259 0.2482942 0.2403934 0.2315254 0.2238772 0.2163331 0.2064558 0.1992009 0.1920937 0.1848594 0.1782414 0.17184 0.1636857 0.1578924 0.1548419 0.1481891 0.1436558 0.1395565 0.1348332 0.1347665 0.1324424 0.1302498 0.1293136 0.129 0.1325443 0.13366 0.1353662 0.1385207 0.1415097 0.1449966 0.1529706 0.1570637 0.1615549 0.1681071 0.1734042 0.1813202 0.1890238 0.1944454 0.200125 0.2073475 0.2146835 0.2191849 0.2254994 0.230532 0.2358008 0.2455056 0.2512131 0.2571089 0.2652414 0.271529 0.2779658 0.2887802 0.295481
0.1260357 0.138 0.147 0.156 0.168 0.177 0.1860242 0.1980227 0.2070217 0.2160208 0.2280197 0.2370759 0.2460732 0.2522855 0.2441823 0.236144 0.2269912 0.2191849 0.2114734 0.2013579 0.1939124 0.1866039 0.1789972 0.172154 0.1655174 0.157035 0.1509868 0.147611 0.1406165 0.1358308 0.1314877 0.1264634 0.1261784 0.1236932 0.1213425 0.120337 0.12 0.123584 0.1247798 0.1266057 0.1299731 0.133154 0.1368539 0.1449034 0.149218 0.1539383 0.1608011 0.166331 0.1744133 0.1818158 0.187446 0.1933313 0.1997198 0.2068913 0.2114734 0.2180115 0.2232129 0.2286504 0.238533 0.2444033 0.2504596 0.2588011 0.2652414 0.2718272 0.2827808 0.2896204
0.1268897 0.1385207 0.147489 0.1564609 0.168428 0.1774063 0.1862176 0.1982044 0.2071956 0.2161874 0.2281776 0.2370759 0.2460732 0.2473863 0.2391171 0.2309026 0.2213707 0.2133589 0.2054288 0.195 0.1873019 0.1797248 0.1716042 0.1644536 0.1574929 0.148553 0.1421443 0.1382932 0.1308014 0.1256423 0.1209339 0.1154513 0.1148259 0.1120892 0.1094897 0.1083743 0.108 0.1116468 0.112969 0.1149826 0.1186802 0.1221556 0.1261428 0.1343317 0.1389748 0.1440313 0.151344 0.1572069 0.165 0.1724674 0.1783928 0.183172 0.1894043 0.1965401 0.2013579 0.2082138 0.2136539 0.2193285 0.2294559 0.2355525 0.2418305 0.2504596 0.2571089 0.2638977 0.2750364 0.2820638
0.1282654 0.1395887 0.1484924 0.1574071 0.1693074 0.1782414 0.1868689 0.1988165 0.2077811 0.2167487 0.2287094 0.2374742 0.2464569 0.2440348 0.2356481 0.2273082 0.2174948 0.2093347 0.2012461 0.1905886 0.1827047 0.1749285 0.1664121 0.1590283 0.151819 0.1425237 0.1358308 0.1315903 0.1236932 0.1182244 0.1132078 0.1073313 0.1064049 0.1034456 0.1006231 0.09940825 0.099 0.1027035 0.1041393 0.1063203 0.1103087 0.1140395 0.1207477 0.1265701 0.1314877 0.136821 0.1444991 0.15 0.1578924 0.1656804 0.1708157 0.1755705 0.1816177 0.1889047 0.1939124 0.2010224 0.2066519 0.2125135 0.2228295 0.2291026 0.2355525 0.2444033 0.2512131 0.26005 0.2694328 0.2765863
0.1295222 0.1412232 0.15003 0.1588584 0.1706576 0.1795244 0.1879495 0.1998324 0.2087534 0.217681 0.2295931 0.2382121 0.247168 0.240973 0.2324758 0.2240178 0.2139276 0.2056259 0.1973854 0.1865074 0.1784433 0.1719186 0.1615549 0.1539383 0.1464787 0.136821 0.1298345 0.1251759 0.1168461 0.1110405 0.1056835 0.09936297 0.09808669 0.09486833 0.09178235 0.09044889 0.09004999 0.09420191 0.09604686 0.09868131 0.103315 0.1073313 0.1142366 0.1206731 0.1260357 0.1317953 0.1392013 0.1448102 0.1529706 0.1600156 0.1647544 0.1693074 0.1755705 0.1830983 0.1884038 0.1958979 0.2018044 0.2079327 0.2185063 0.22502 0.2317002 0.2408423 0.2478588 0.2568112 0.2661898 0.2731483
0.135665 0.1471224 0.1557691 0.1644536 0.1760824 0.1848351 0.1929819 0.2047486 0.2135907 0.2224455 0.2342691 0.242685 0.2460183 0.2344803 0.2258584 0.2172671 0.2068478 0.198386 0.1899737 0.1788463 0.1705784 0.1636857 0.153 0.1451206 0.137379 0.1273146 0.12 0.1148651 0.106066 0.09990495 0.09420191 0.08746427 0.08590693 0.0825409 0.07942921 0.07823043 0.07805767 0.08237718 0.08448077 0.08746427 0.0926121 0.09674709 0.1040096 0.1110405 0.1168461 0.1224132 0.1298345 0.1358308 0.1436558 0.1497899 0.1544344 0.159 0.1656532 0.1734042 0.1789972 0.1868689 0.1930518 0.1994492 0.2102784 0.2170392 0.2239576 0.2334031 0.2404683 0.249289 0.2586446 0.2658007
0.1387155 0.14994 0.1584329 0.166979 0.1784433 0.1862901 0.195 0.2066519 0.2154159 0.2241986 0.2359343 0.2441823 0.2437581 0.2321077 0.2233943 0.2147044 0.2040221 0.195438 0.186893 0.1755705 0.1671407 0.1599312 0.1489765 0.1408723 0.1328834 0.12245 0.1164989 0.1092016 0.09990495 0.09333809 0.08720665 0.07988116 0.07782673 0.07409453 0.07061162 0.06926037 0.06906518 0.0735459 0.07589467 0.07920227 0.08453401 0.08904494 0.09660745 0.1041393 0.109859 0.1152562 0.1231097 0.1314877 0.1358308 0.1422392 0.1466322 0.1514332 0.1584045 0.166331 0.172154 0.1803247 0.1867244 0.1933313 0.2043526 0.2113031 0.2184033 0.2277828 0.2347296 0.2436473 0.2532114 0.2605168
0.1422709 0.1532351 0.1615549 0.1699441 0.1812209 0.1888094 0.1974082 0.2089258 0.2175982 0.2262963 0.2379286 0.246 0.2418119 0.230063 0.2212691 0.2124924 0.2015589 0.1928652 0.184201 0.172702 0.164125 0.1566046 0.1453995 0.1370839 0.1288604 0.118072 0.1116468 0.1040096 0.09420191 0.08720665 0.08061017 0.07262231 0.06997142 0.06579514 0.06184658 0.06029925 0.06007495 0.0647611 0.06741662 0.07111961 0.07666159 0.08160882 0.0894986 0.09734988 0.1026158 0.1083743 0.1166919 0.1235476 0.1281601 0.1343317 0.1389748 0.1440313 0.151344 0.1594522 0.1655174 0.174 0.1806239 0.187446 0.198658 0.2058009 0.2128098 0.2220811 0.2292008 0.2382121 0.2479859 0.2554408
0.1477329 0.1583193 0.1663851 0.1745423 0.1855398 0.1927719 0.2012014 0.2125135 0.2210452 0.2296127 0.2402436 0.2486202 0.2397186 0.2278618 0.2189794 0.2101071 0.1988617 0.1900447 0.1812457 0.1695465 0.1608011 0.1528823 0.1413825 0.1328157 0.1243101 0.1130885 0.1060236 0.09794897 0.08746427 0.07988116 0.07262231 0.06579514 0.06 0.05507268 0.05028916 0.04837355 0.04809366 0.05316014 0.05636488 0.06037384 0.06661081 0.07224957 0.08061017 0.08761849 0.09343447 0.09972462 0.106066 0.1132078 0.118072 0.1240202 0.1290349 0.1344656 0.1444991 0.1506287 0.157035 0.1659518 0.1728843 0.18 0.1913426 0.1982044 0.2052316 0.2148302 0.2221823 0.2313115 0.2413649 0.2490181
0.152322 0.16261 0.1704729 0.1784433 0.1892142 0.1961734 0.2044627 0.2156038 0.2240178 0.2324758 0.2428703 0.2474773 0.238533 0.2266142 0.217681 0.2087534 0.1972942 0.1884038 0.1795244 0.1677051 0.1588584 0.1506586 0.1389748 0.1302498 0.1215648 0.1100636 0.102528 0.09415413 0.08319255 0.07517979 0.06741662 0.0595483 0.05307541 0.04743417 0.04178517 0.03945884 0.03911521 0.04459821 0.04837355 0.05247856 0.0595483 0.06579514 0.07323933 0.08072174 0.08909545 0.09391486 0.0998599 0.1073313 0.1116468 0.1182244 0.1236932 0.1295569 0.1400071 0.1465094 0.1532645 0.16261 0.1698382 0.1766946 0.1878776 0.195 0.2022721 0.2121745 0.2197385 0.2289651 0.2392676 0.2470951
0.1549871 0.1666283 0.175391 0.1841765 0.1958979 0.2026277 0.2107914 0.2217769 0.2300826 0.2384387 0.2486202 0.2436657 0.2346913 0.2227285 0.2137592 0.2047926 0.193145 0.184201 0.1752627 0.1633554 0.1544344 0.1459863 0.1341641 0.1253196 0.1164989 0.1047855 0.09684008 0.08823265 0.07689603 0.06854196 0.06037384 0.05161395 0.04459821 0.03841875 0.03231099 0.03014963 0.03059412 0.03758989 0.04167733 0.0468615 0.05507268 0.06 0.0680147 0.07636753 0.081939 0.08595929 0.09241753 0.09936297 0.1040096 0.1110405 0.1168461 0.1230366 0.1337946 0.1405845 0.147611 0.1572069 0.1640152 0.1710263 0.1824089 0.1897367 0.1972029 0.2073475 0.2150814 0.2243792 0.234883 0.2428518
0.1524106 0.1642346 0.1731185 0.1820137 0.1938891 0.2032265 0.212132 0.2240178 0.2329399 0.2418677 0.2520714 0.2430741 0.2340769 0.2220811 0.2130845 0.2040882 0.1922108 0.1832212 0.1742326 0.1622498 0.1532645 0.1444991 0.1325443 0.123584 0.1146298 0.1027035 0.09420191 0.08532878 0.0735459 0.0647611 0.05604462 0.04569464 0.03758989 0.03 0.02163331 0.01824829 0.01897367 0.02683282 0.03189044 0.03841875 0.045 0.05091169 0.05939697 0.06741662 0.07111961 0.07571658 0.08188406 0.08904494 0.09420191 0.1019117 0.1082081 0.1148651 0.1260357 0.1332216 0.140264 0.149459 0.1566046 0.1639329 0.1755705 0.183172 0.1908953 0.2013579 0.2093132 0.2186916 0.2294559 0.2376068
0.1510761 0.1629969 0.1719448 0.1808978 0.1928419 0.202094 0.2110474 0.222991 0.2319526 0.240917 0.2520179 0.2430185 0.2340192 0.2220203 0.2130211 0.2040221 0.192 0.183 0.174 0.162 0.153 0.1440313 0.1320341 0.1230366 0.1140395 0.1020441 0.09319334 0.08421402 0.07224957 0.06328507 0.05433231 0.04295347 0.03420526 0.02563201 0.015 0.009486834 0.01081665 0.01920937 0.02580698 0.03088689 0.03818377 0.04459821 0.05341348 0.05909315 0.06328507 0.06841052 0.07409453 0.08160882 0.08720665 0.09548298 0.1021763 0.1092016 0.1206731 0.1275617 0.1344656 0.1440313 0.1514332 0.159 0.1708157 0.1786197 0.1865315 0.1972257 0.2053412 0.2147673 0.225 0.2322628
0.1502698 0.1622498 0.1712367 0.1802249 0.1922108 0.2013579 0.2103426 0.2223241 0.2313115 0.2402998 0.2522855 0.2432961 0.2343075 0.2223241 0.2133378 0.2043526 0.1922108 0.1832212 0.1742326 0.1622498 0.1532645 0.144125 0.1321363 0.1231463 0.1141578 0.1021763 0.09304838 0.08405355 0.07206248 0.06307139 0.05408327 0.042 0.033 0.024 0.012 0.003 0.003 0.01341641 0.01897367 0.02343075 0.03189044 0.03911521 0.04657253 0.051 0.05580323 0.06037384 0.06661081 0.07451846 0.08061017 0.0894986 0.09660745 0.1039663 0.1148651 -9999 -9999 -9999 -9999 0.1544344 -9999 -9999 -9999 -9999 -9999 -9999 -9999 0.2271497
0.15003 0.1620278 0.1710263 0.180025 0.1920234 0.201 0.21 0.222 0.231 0.24 0.2520179 0.2441823 0.2352275 0.2232935 0.2143479 0.2054069 0.193145 0.184201 0.1752627 0.1633554 0.1544344 0.1451206 0.1332216 0.1243101 0.1154123 0.1035761 0.09420191 0.08532878 0.0735459 0.0647611 0.05604462 0.04368066 0.0351141 0.02683282 0.01697056 0.01236932 0.009 0.006708204 0.008485281 0.015 0.02563201 0.03014963 0.0351141 0.04080441 0.04569464 0.04992995 0.05731492 0.06579514 0.07262231 -9999 -9999 -9999 -9999 -9999 -9999 -9999 -9999 -9999 -9999 -9999 -9999 -9999 -9999 -9999 -9999 -9999
