MyMainGIS/bin/Debug/Data/DLS_Input/highRisk_economic/sc1gr2.grid
ncols         442
nrows         735
xllcorner     -502080.37185814
yllcorner     2671876.5851211
cellsize      100
NODATA_value  -9999
[rows 108 to 143 of 735, columns 243 to 323 of 442]
1923 1923 1923 1923 1923 1923 1923 1922 1922 1922 1922 1922 1922 1922 1922 1922 1922 1927 1927 1927 1927 1927 1927 1927 1927 1927 1927 1928 1928 1928 1928 1928 1928 1928 1928 1928 1928 1940 1940 1940 1940 1940 1940 1940 1940 1940 1940 1961 1961 1961 1961 1961 1961 1961 1961 1961 1961 1971 1971 1971 1971 1971 1971 1971 1971 1971 1971 1970 1970 1970 1970 1970 1970 1970 1970 1970 1970 1971 1971 1971 1971
1923 1923 1923 1923 1923 1923 1923 1922 1922 1922 1922 1922 1922 1922 1922 1922 1922 1927 1927 1927 1927 1927 1927 1927 1927 1927 1927 1928 1928 1928 1928 1928 1928 1928 1928 1928 1928 1940 1940 1940 1940 1940 1940 1940 1940 1940 1940 1961 1961 1961 1961 1961 1961 1961 1961 1961 1961 1971 1971 1971 1971 1971 1971 1971 1971 1971 1971 1970 1970 1970 1970 1970 1970 1970 1970 1970 1970 1971 1971 1971 1971
1923 1923 1923 1923 1923 1923 1923 1936 1936 1936 1936 1936 1936 1936 1936 1936 1936 1940 1940 1940 1940 1940 1940 1940 1940 1940 1940 1936 1936 1936 1936 1936 1936 1936 1936 1936 1936 1953 1953 1953 1953 1953 1953 1953 1953 1953 1953 1973 1973 1973 1973 1973 1973 1973 1973 1973 1973 1981 1981 1981 1981 1981 1981 1981 1981 1981 1981 1980 1980 1980 1980 1980 1980 1980 1980 1980 1980 1981 1981 1981 1981
1923 1923 1923 1923 1923 1923 1923 1936 1936 1936 1936 1936 1936 1936 1936 1936 1936 1940 1940 1940 1940 1940 1940 1940 1940 1940 1940 1936 1936 1936 1936 1936 1936 1936 1936 1936 1936 1953 1953 1953 1953 1953 1953 1953 1953 1953 1953 1973 1973 1973 1973 1973 1973 1973 1973 1973 1973 1981 1981 1981 1981 1981 1981 1981 1981 1981 1981 1980 1980 1980 1980 1980 1980 1980 1980 1980 1980 1981 1981 1981 1981
1923 1923 1923 1923 1923 1923 1923 1936 1936 1936 1936 1936 1936 1936 1936 1936 1936 1940 1940 1940 1940 1940 1940 1940 1940 1940 1940 1936 1936 1936 1936 1936 1936 1936 1936 1936 1936 1953 1953 1953 1953 1953 1953 1953 1953 1953 1953 1973 1973 1973 1973 1973 1973 1973 1973 1973 1973 1981 1981 1981 1981 1981 1981 1981 1981 1981 1981 1980 1980 1980 1980 1980 1980 1980 1980 1980 1980 1981 1981 1981 1981
1923 1923 1923 1923 1923 1923 1923 1936 1936 1936 1936 1936 1936 1936 1936 1936 1936 1940 1940 1940 1940 1940 1940 1940 1940 1940 1940 1936 1936 1936 1936 1936 1936 1936 1936 1936 1936 1953 1953 1953 1953 1953 1953 1953 1953 1953 1953 1973 1973 1973 1973 1973 1973 1973 1973 1973 1973 1981 1981 1981 1981 1981 1981 1981 1981 1981 1981 1980 1980 1980 1980 1980 1980 1980 1980 1980 1980 1981 1981 1981 1981
1923 1923 1923 1923 1923 1923 1923 1936 1936 1936 1936 1936 1936 1936 1936 1936 1936 1940 1940 1940 1940 1940 1940 1940 1940 1940 1940 1936 1936 1936 1936 1936 1936 1936 1936 1936 1936 1953 1953 1953 1953 1953 1953 1953 1953 1953 1953 1973 1973 1973 1973 1973 1973 1973 1973 1973 1973 1981 1981 1981 1981 1981 1981 1981 1981 1981 1981 1980 1980 1980 1980 1980 1980 1980 1980 1980 1980 1981 1981 1981 1981
1923 1923 1923 1923 1923 1923 1923 1936 1936 1936 1936 1936 1936 1936 1936 1936 1936 1940 1940 1940 1940 1940 1940 1940 1940 1940 1940 1936 1936 1936 1936 1936 1936 1936 1936 1936 1936 1953 1953 1953 1953 1953 1953 1953 1953 1953 1953 1973 1973 1973 1973 1973 1973 1973 1973 1973 1973 1981 1981 1981 1981 1981 1981 1981 1981 1981 1981 1980 1980 1980 1980 1980 1980 1980 1980 1980 1980 1981 1981 1981 1981
1923 1923 1923 1923 1923 1923 1923 1936 1936 1936 1936 1936 1936 1936 1936 1936 1936 1940 1940 1940 1940 1940 1940 1940 1940 1940 1940 1936 1936 1936 1936 1936 1936 1936 1936 1936 1936 1953 1953 1953 1953 1953 1953 1953 1953 1953 1953 1973 1973 1973 1973 1973 1973 1973 1973 1973 1973 1981 1981 1981 1981 1981 1981 1981 1981 1981 1981 1980 1980 1980 1980 1980 1980 1980 1980 1980 1980 1981 1981 1981 1981
1923 1923 1923 1923 1923 1923 1923 1936 1936 1936 1936 1936 1936 1936 1936 1936 1936 1940 1940 1940 1940 1940 1940 1940 1940 1940 1940 1936 1936 1936 1936 1936 1936 1936 1936 1936 1936 1953 1953 1953 1953 1953 1953 1953 1953 1953 1953 1973 1973 1973 1973 1973 1973 1973 1973 1973 1973 1981 1981 1981 1981 1981 1981 1981 1981 1981 1981 1980 1980 1980 1980 1980 1980 1980 1980 1980 1980 1981 1981 1981 1981
1923 1923 1923 1923 1923 1923 1923 1936 1936 1936 1936 1936 1936 1936 1936 1936 1936 1940 1940 1940 1940 1940 1940 1940 1940 1940 1940 1936 1936 1936 1936 1936 1936 1936 1936 1936 1936 1953 1953 1953 1953 1953 1953 1953 1953 1953 1953 1973 1973 1973 1973 1973 1973 1973 1973 1973 1973 1981 1981 1981 1981 1981 1981 1981 1981 1981 1981 1980 1980 1980 1980 1980 1980 1980 1980 1980 1980 1981 1981 1981 1981
1923 1923 1923 1923 1923 1923 1923 1936 1936 1936 1936 1936 1936 1936 1936 1936 1936 1940 1940 1940 1940 1940 1940 1940 1940 1940 1940 1936 1936 1936 1936 1936 1936 1936 1936 1936 1936 1953 1953 1953 1953 1953 1953 1953 1953 1953 1953 1973 1973 1973 1973 1973 1973 1973 1973 1973 1973 1981 1981 1981 1981 1981 1981 1981 1981 1981 1981 1980 1980 1980 1980 1980 1980 1980 1980 1980 1980 1981 1981 1981 1981
1932 1932 1932 1932 1932 1932 1932 1948 1948 1948 1948 1948 1948 1948 1948 1948 1948 1947 1947 1947 1947 1947 1947 1947 1947 1947 1947 1941 1941 1941 1941 1941 1941 1941 1941 1941 1941 1962 1962 1962 1962 1962 1962 1962 1962 1962 1962 1980 1980 1980 1980 1980 1980 1980 1980 1980 1980 1988 1988 1988 1988 1988 1988 1988 1988 1988 1988 1988 1988 1988 1988 1988 1988 1988 1988 1988 1988 1988 1988 1988 1988
1932 1932 1932 1932 1932 1932 1932 1948 1948 1948 1948 1948 1948 1948 1948 1948 1948 1947 1947 1947 1947 1947 1947 1947 1947 1947 1947 1941 1941 1941 1941 1941 1941 1941 1941 1941 1941 1962 1962 1962 1962 1962 1962 1962 1962 1962 1962 1980 1980 1980 1980 1980 1980 1980 1980 1980 1980 1988 1988 1988 1988 1988 1988 1988 1988 1988 1988 1988 1988 1988 1988 1988 1988 1988 1988 1988 1988 1988 1988 1988 1988
1932 1932 1932 1932 1932 1932 1932 1948 1948 1948 1948 1948 1948 1948 1948 1948 1948 1947 1947 1947 1947 1947 1947 1947 1947 1947 1947 1941 1941 1941 1941 1941 1941 1941 1941 1941 1941 1962 1962 1962 1962 1962 1962 1962 1962 1962 1962 1980 1980 1980 1980 1980 1980 1980 1980 1980 1980 1988 1988 1988 1988 1988 1988 1988 1988 1988 1988 1988 1988 1988 1988 1988 1988 1988 1988 1988 1988 1988 1988 1988 1988
1932 1932 1932 1932 1932 1932 1932 1948 1948 1948 1948 1948 1948 1948 1948 1948 1948 1947 1947 1947 1947 1947 1947 1947 1947 1947 1947 1941 1941 1941 1941 1941 1941 1941 1941 1941 1941 1962 1962 1962 1962 1962 1962 1962 1962 1962 1962 1980 1980 1980 1980 1980 1980 1980 1980 1980 1980 1988 1988 1988 1988 1988 1988 1988 1988 1988 1988 1988 1988 1988 1988 1988 1988 1988 1988 1988 1988 1988 1988 1988 1988
1932 1932 1932 1932 1932 1932 1932 1948 1948 1948 1948 1948 1948 1948 1948 1948 1948 1947 1947 1947 1947 1947 1947 1947 1947 1947 1947 1941 1941 1941 1941 1941 1941 1941 1941 1941 1941 1962 1962 1962 1962 1962 1962 1962 1962 1962 1962 1980 1980 1980 1980 1980 1980 1980 1980 1980 1980 1988 1988 1988 1988 1988 1988 1988 1988 1988 1988 1988 1988 1988 1988 1988 1988 1988 1988 1988 1988 1988 1988 1988 1988
1932 1932 1932 1932 1932 1932 1932 1948 1948 1948 1948 1948 1948 1948 1948 1948 1948 1947 1947 1947 1947 1947 1947 1947 1947 1947 1947 1941 1941 1941 1941 1941 1941 1941 1941 1941 1941 1962 1962 1962 1962 1962 1962 1962 1962 1962 1962 1980 1980 1980 1980 1980 1980 1980 1980 1980 1980 1988 1988 1988 1988 1988 1988 1988 1988 1988 1988 1988 1988 1988 1988 1988 1988 1988 1988 1988 1988 1988 1988 1988 1988
1932 1932 1932 1932 1932 1932 1932 1948 1948 1948 1948 1948 1948 1948 1948 1948 1948 1947 1947 1947 1947 1947 1947 1947 1947 1947 1947 1941 1941 1941 1941 1941 1941 1941 1941 1941 1941 1962 1962 1962 1962 1962 1962 1962 1962 1962 1962 1980 1980 1980 1980 1980 1980 1980 1980 1980 1980 1988 1988 1988 1988 1988 1988 1988 1988 1988 1988 1988 1988 1988 1988 1988 1988 1988 1988 1988 1988 1988 1988 1988 1988
1932 1932 1932 1932 1932 1932 1932 1948 1948 1948 1948 1948 1948 1948 1948 1948 1948 1947 1947 1947 1947 1947 1947 1947 1947 1947 1947 1941 1941 1941 1941 1941 1941 1941 1941 1941 1941 1962 1962 1962 1962 1962 1962 1962 1962 1962 1962 1980 1980 1980 1980 1980 1980 1980 1980 1980 1980 1988 1988 1988 1988 1988 1988 1988 1988 1988 1988 1988 1988 1988 1988 1988 1988 1988 1988 1988 1988 1988 1988 1988 1988
1932 1932 1932 1932 1932 1932 1932 1948 1948 1948 1948 1948 1948 1948 1948 1948 1948 1947 1947 1947 1947 1947 1947 1947 1947 1947 1947 1941 1941 1941 1941 1941 1941 1941 1941 1941 1941 1962 1962 1962 1962 1962 1962 1962 1962 1962 1962 1980 1980 1980 1980 1980 1980 1980 1980 1980 1980 1988 1988 1988 1988 1988 1988 1988 1988 1988 1988 1988 1988 1988 1988 1988 1988 1988 1988 1988 1988 1988 1988 1988 1988
1932 1932 1932 1932 1932 1932 1932 1948 1948 1948 1948 1948 1948 1948 1948 1948 1948 1947 1947 1947 1947 1947 1947 1947 1947 1947 1947 1941 1941 1941 1941 1941 1941 1941 1941 1941 1941 1962 1962 1962 1962 1962 1962 1962 1962 1962 1962 1980 1980 1980 1980 1980 1980 1980 1980 1980 1980 1988 1988 1988 1988 1988 1988 1988 1988 1988 1988 1988 1988 1988 1988 1988 1988 1988 1988 1988 1988 1988 1988 1988 1988
1950 1950 1950 1950 1950 1950 1950 1958 1958 1958 1958 1958 1958 1958 1958 1958 1958 1952 1952 1952 1952 1952 1952 1952 1952 1952 1952 1947 1947 1947 1947 1947 1947 1947 1947 1947 1947 1957 1957 1957 1957 1957 1957 1957 1957 1957 1957 1974 1974 1974 1974 1974 1974 1974 1974 1974 1974 1985 1985 1985 1985 1985 1985 1985 1985 1985 1985 1990 1990 1990 1990 1990 1990 1990 1990 1990 1990 1991 1991 1991 1991
1950 1950 1950 1950 1950 1950 1950 1958 1958 1958 1958 1958 1958 1958 1958 1958 1958 1952 1952 1952 1952 1952 1952 1952 1952 1952 1952 1947 1947 1947 1947 1947 1947 1947 1947 1947 1947 1957 1957 1957 1957 1957 1957 1957 1957 1957 1957 1974 1974 1974 1974 1974 1974 1974 1974 1974 1974 1985 1985 1985 1985 1985 1985 1985 1985 1985 1985 1990 1990 1990 1990 1990 1990 1990 1990 1990 1990 1991 1991 1991 1991
1950 1950 1950 1950 1950 1950 1950 1958 1958 1958 1958 1958 1958 1958 1958 1958 1958 1952 1952 1952 1952 1952 1952 1952 1952 1952 1952 1947 1947 1947 1947 1947 1947 1947 1947 1947 1947 1957 1957 1957 1957 1957 1957 1957 1957 1957 1957 1974 1974 1974 1974 1974 1974 1974 1974 1974 1974 1985 1985 1985 1985 1985 1985 1985 1985 1985 1985 1990 1990 1990 1990 1990 1990 1990 1990 1990 1990 1991 1991 1991 1991
1950 1950 1950 1950 1950 1950 1950 1958 1958 1958 1958 1958 1958 1958 1958 1958 1958 1952 1952 1952 1952 1952 1952 1952 1952 1952 1952 1947 1947 1947 1947 1947 1947 1947 1947 1947 1947 1957 1957 1957 1957 1957 1957 1957 1957 1957 1957 1974 1974 1974 1974 1974 1974 1974 1974 1974 1974 1985 1985 1985 1985 1985 1985 1985 1985 1985 1985 1990 1990 1990 1990 1990 1990 1990 1990 1990 1990 1991 1991 1991 1991
1950 1950 1950 1950 1950 1950 1950 1958 1958 1958 1958 1958 1958 1958 1958 1958 1958 1952 1952 1952 1952 1952 1952 1952 1952 1952 1952 1947 1947 1947 1947 1947 1947 1947 1947 1947 1947 1957 1957 1957 1957 1957 1957 1957 1957 1957 1957 1974 1974 1974 1974 1974 1974 1974 1974 1974 1974 1985 1985 1985 1985 1985 1985 1985 1985 1985 1985 1990 1990 1990 1990 1990 1990 1990 1990 1990 1990 1991 1991 1991 1991
1950 1950 1950 1950 1950 1950 1950 1958 1958 1958 1958 1958 1958 1958 1958 1958 1958 1952 1952 1952 1952 1952 1952 1952 1952 1952 1952 1947 1947 1947 1947 1947 1947 1947 1947 1947 1947 1957 1957 1957 1957 1957 1957 1957 1957 1957 1957 1974 1974 1974 1974 1974 1974 1974 1974 1974 1974 1985 1985 1985 1985 1985 1985 1985 1985 1985 1985 1990 1990 1990 1990 1990 1990 1990 1990 1990 1990 1991 1991 1991 1991
1950 1950 1950 1950 1950 1950 1950 1958 1958 1958 1958 1958 1958 1958 1958 1958 1958 1952 1952 1952 1952 1952 1952 1952 1952 1952 1952 1947 1947 1947 1947 1947 1947 1947 1947 1947 1947 1957 1957 1957 1957 1957 1957 1957 1957 1957 1957 1974 1974 1974 1974 1974 1974 1974 1974 1974 1974 1985 1985 1985 1985 1985 1985 1985 1985 1985 1985 1990 1990 1990 1990 1990 1990 1990 1990 1990 1990 1991 1991 1991 1991
1950 1950 1950 1950 1950 1950 1950 1958 1958 1958 1958 1958 1958 1958 1958 1958 1958 1952 1952 1952 1952 1952 1952 1952 1952 1952 1952 1947 1947 1947 1947 1947 1947 1947 1947 1947 1947 1957 1957 1957 1957 1957 1957 1957 1957 1957 1957 1974 1974 1974 1974 1974 1974 1974 1974 1974 1974 1985 1985 1985 1985 1985 1985 1985 1985 1985 1985 1990 1990 1990 1990 1990 1990 1990 1990 1990 1990 1991 1991 1991 1991
1950 1950 1950 1950 1950 1950 1950 1958 1958 1958 1958 1958 1958 1958 1958 1958 1958 1952 1952 1952 1952 1952 1952 1952 1952 1952 1952 1947 1947 1947 1947 1947 1947 1947 1947 1947 1947 1957 1957 1957 1957 1957 1957 1957 1957 1957 1957 1974 1974 1974 1974 1974 1974 1974 1974 1974 1974 1985 1985 1985 1985 1985 1985 1985 1985 1985 1985 1990 1990 1990 1990 1990 1990 1990 1990 1990 1990 1991 1991 1991 1991
1950 1950 1950 1950 1950 1950 1950 1958 1958 1958 1958 1958 1958 1958 1958 1958 1958 1952 1952 1952 1952 1952 1952 1952 1952 1952 1952 1947 1947 1947 1947 1947 1947 1947 1947 1947 1947 1957 1957 1957 1957 1957 1957 1957 1957 1957 1957 1974 1974 1974 1974 1974 1974 1974 1974 1974 1974 1985 1985 1985 1985 1985 1985 1985 1985 1985 1985 1990 1990 1990 1990 1990 1990 1990 1990 1990 1990 1991 1991 1991 1991
1964 1964 1964 1964 1964 1964 1964 1967 1967 1967 1967 1967 1967 1967 1967 1967 1967 1957 1957 1957 1957 1957 1957 1957 1957 1957 1957 1960 1960 1960 1960 1960 1960 1960 1960 1960 1960 1961 1961 1961 1961 1961 1961 1961 1961 1961 1961 1972 1972 1972 1972 1972 1972 1972 1972 1972 1972 1985 1985 1985 1985 1985 1985 1985 1985 1985 1985 1987 1987 1987 1987 1987 1987 1987 1987 1987 1987 1990 1990 1990 1990
1964 1964 1964 1964 1964 1964 1964 1967 1967 1967 1967 1967 1967 1967 1967 1967 1967 1957 1957 1957 1957 1957 1957 1957 1957 1957 1957 1960 1960 1960 1960 1960 1960 1960 1960 1960 1960 1961 1961 1961 1961 1961 1961 1961 1961 1961 1961 1972 1972 1972 1972 1972 1972 1972 1972 1972 1972 1985 1985 1985 1985 1985 1985 1985 1985 1985 1985 1987 1987 1987 1987 1987 1987 1987 1987 1987 1987 1990 1990 1990 1990
1964 1964 1964 1964 1964 1964 1964 1967 1967 1967 1967 1967 1967 1967 1967 1967 1967 1957 1957 1957 1957 1957 1957 1957 1957 1957 1957 1960 1960 1960 1960 1960 1960 1960 1960 1960 1960 1961 1961 1961 1961 1961 1961 1961 1961 1961 1961 1972 1972 1972 1972 1972 1972 1972 1972 1972 1972 1985 1985 1985 1985 1985 1985 1985 1985 1985 1985 1987 1987 1987 1987 1987 1987 1987 1987 1987 1987 1990 1990 1990 1990
1964 1964 1964 1964 1964 1964 1964 1967 1967 1967 1967 1967 1967 1967 1967 1967 1967 1957 1957 1957 1957 1957 1957 1957 1957 1957 1957 1960 1960 1960 1960 1960 1960 1960 1960 1960 1960 1961 1961 1961 1961 1961 1961 1961 1961 1961 1961 1972 1972 1972 1972 1972 1972 1972 1972 1972 1972 1985 1985 1985 1985 1985 1985 1985 1985 1985 1985 1987 1987 1987 1987 1987 1987 1987 1987 1987 1987 1990 1990 1990 1990
