MyMainGIS/bin/Debug/Data/DLS_Input/highRisk_economic/sc1gr2.grid
ncols         442
nrows         735
xllcorner     -502080.37185814
yllcorner     2671876.5851211
cellsize      100
NODATA_value  -9999
[rows 468 to 503 of 735, columns 324 to 404 of 442]
1918 1918 1918 1918 1918 1918 1926 1926 1926 1926 1926 1926 1926 1926 1926 1926 1932 1932 1932 1932 1932 1932 1932 1932 1932 1932 1941 1941 1941 1941 1941 1941 1941 1941 1941 1941 1942 1942 1942 1942 1942 1942 1942 1942 1942 1942 1951 1951 1951 1951 1951 1951 1951 1951 1951 1951 1956 1956 1956 1956 1956 1956 1956 1956 1956 1956 1957 1957 -9999 -9999 -9999 -9999 -9999 -9999 -9999 -9999 -9999 -9999 -9999 -9999 -9999
1918 1918 1918 1918 1918 1918 1926 1926 1926 1926 1926 1926 1926 1926 1926 1926 1932 1932 1932 1932 1932 1932 1932 1932 1932 1932 1941 1941 1941 1941 1941 1941 1941 1941 1941 1941 1942 1942 1942 1942 1942 1942 1942 1942 1942 1942 1951 1951 1951 1951 1951 1951 1951 1951 1951 1951 1956 1956 1956 1956 1956 1956 1956 1956 1956 1956 1957 1957 1957 -9999 -9999 -9999 -9999 -9999 -9999 -9999 -9999 -9999 -9999 -9999 -9999
1922 1922 1922 1922 1922 1922 1927 1927 1927 1927 1927 1927 1927 1927 1927 1927 1930 1930 1930 1930 1930 1930 1930 1930 1930 1930 1937 1937 1937 1937 1937 1937 1937 1937 1937 1937 1944 1944 1944 1944 1944 1944 1944 1944 1944 1944 1950 1950 1950 1950 1950 1950 1950 1950 1950 1950 1954 1954 1954 1954 1954 1954 1954 1954 1954 1954 1957 1957 1957 -9999 -9999 -9999 -9999 -9999 -9999 -9999 -9999 -9999 -9999 -9999 -9999
1922 1922 1922 1922 1922 1922 1927 1927 1927 1927 1927 1927 1927 1927 1927 1927 1930 1930 1930 1930 1930 1930 1930 1930 1930 1930 1937 1937 1937 1937 1937 1937 1937 1937 1937 1937 1944 1944 1944 1944 1944 1944 1944 1944 1944 1944 1950 1950 1950 1950 1950 1950 1950 1950 1950 1950 1954 1954 1954 1954 1954 1954 1954 1954 1954 1954 1957 1957 -9999 -9999 -9999 -9999 -9999 -9999 -9999 -9999 -9999 -9999 -9999 -9999 -9999
1922 1922 1922 1922 1922 1922 1927 1927 1927 1927 1927 1927 1927 1927 1927 1927 1930 1930 1930 1930 1930 1930 1930 1930 1930 1930 1937 1937 1937 1937 1937 1937 1937 1937 1937 1937 1944 1944 1944 1944 1944 1944 1944 1944 1944 1944 1950 1950 1950 1950 1950 1950 1950 1950 1950 1950 1954 1954 1954 1954 1954 1954 1954 1954 1954 1954 1957 1957 -9999 -9999 -9999 -9999 -9999 -9999 -9999 -9999 -9999 -9999 -9999 -9999 -9999
1922 1922 1922 1922 1922 1922 1927 1927 1927 1927 1927 1927 1927 1927 1927 1927 1930 1930 1930 1930 1930 1930 1930 1930 1930 1930 1937 1937 1937 1937 1937 1937 1937 1937 1937 1937 1944 1944 1944 1944 1944 1944 1944 1944 1944 1944 1950 1950 1950 1950 1950 1950 1950 1950 1950 1950 1954 1954 1954 1954 1954 1954 1954 1954 1954 1954 1957 1957 -9999 -9999 -9999 -9999 -9999 -9999 -9999 -9999 -9999 -9999 -9999 -9999 -9999
1922 1922 1922 1922 1922 1922 1927 1927 1927 1927 1927 1927 1927 1927 1927 1927 1930 1930 1930 1930 1930 1930 1930 1930 1930 1930 1937 1937 1937 1937 1937 1937 1937 1937 1937 1937 1944 1944 1944 1944 1944 1944 1944 1944 1944 1944 1950 1950 1950 1950 1950 1950 1950 1950 1950 1950 1954 1954 1954 1954 1954 1954 1954 1954 1954 1954 1957 1957 -9999 -9999 -9999 -9999 -9999 -9999 -9999 -9999 -9999 -9999 -9999 -9999 -9999
1922 1922 1922 1922 1922 1922 1927 1927 1927 1927 1927 1927 1927 1927 1927 1927 1930 1930 1930 1930 1930 1930 1930 1930 1930 1930 1937 1937 1937 1937 1937 1937 1937 1937 1937 1937 1944 1944 1944 1944 1944 1944 1944 1944 1944 1944 1950 1950 1950 1950 1950 1950 1950 1950 1950 1950 1954 1954 1954 1954 1954 1954 1954 1954 1954 1954 1957 1957 1957 -9999 -9999 -9999 -9999 -9999 -9999 -9999 -9999 -9999 -9999 -9999 -9999
1922 1922 1922 1922 1922 1922 1927 1927 1927 1927 1927 1927 1927 1927 1927 1927 1930 1930 1930 1930 1930 1930 1930 1930 1930 1930 1937 1937 1937 1937 1937 1937 1937 1937 1937 1937 1944 1944 1944 1944 1944 1944 1944 1944 1944 1944 1950 1950 1950 1950 1950 1950 1950 1950 1950 1950 1954 1954 1954 1954 1954 1954 1954 1954 1954 1954 1957 1957 1957 1957 1957 -9999 -9999 -9999 -9999 -9999 -9999 -9999 -9999 -9999 -9999
1922 1922 1922 1922 1922 1922 1927 1927 1927 1927 1927 1927 1927 1927 1927 1927 1930 1930 1930 1930 1930 1930 1930 1930 1930 1930 1937 1937 1937 1937 1937 1937 1937 1937 1937 1937 1944 1944 1944 1944 1944 1944 1944 1944 1944 1944 1950 1950 1950 1950 1950 1950 1950 1950 1950 1950 1954 1954 1954 1954 1954 1954 1954 1954 1954 1954 1957 1957 1957 1957 1957 1957 1957 -9999 -9999 -9999 -9999 -9999 -9999 -9999 -9999
1922 1922 1922 1922 1922 1922 1927 1927 1927 1927 1927 1927 1927 1927 1927 1927 1930 1930 1930 1930 1930 1930 1930 1930 1930 1930 1937 1937 1937 1937 1937 1937 1937 1937 1937 1937 1944 1944 1944 1944 1944 1944 1944 1944 1944 1944 1950 1950 1950 1950 1950 1950 1950 1950 1950 1950 1954 1954 1954 1954 1954 1954 1954 1954 1954 1954 1957 1957 1957 1957 1957 1957 1957 -9999 -9999 -9999 -9999 -9999 -9999 -9999 -9999
1922 1922 1922 1922 1922 1922 1927 1927 1927 1927 1927 1927 1927 1927 1927 1927 1930 1930 1930 1930 1930 1930 1930 1930 1930 1930 1937 1937 1937 1937 1937 1937 1937 1937 1937 1937 1944 1944 1944 1944 1944 1944 1944 1944 1944 1944 1950 1950 1950 1950 1950 1950 1950 1950 1950 1950 1954 1954 1954 1954 1954 1954 1954 1954 1954 1954 1957 1957 1957 1957 1957 1957 1957 1957 -9999 -9999 -9999 -9999 -9999 -9999 -9999
1925 1925 1925 1925 1925 1925 1927 1927 1927 1927 1927 1927 1927 1927 1927 1927 1932 1932 1932 1932 1932 1932 1932 1932 1932 1932 1938 1938 1938 1938 1938 1938 1938 1938 1938 1938 1945 1945 1945 1945 1945 1945 1945 1945 1945 1945 1948 1948 1948 1948 1948 1948 1948 1948 1948 1948 1952 1952 1952 1952 1952 1952 1952 1952 1952 1952 1956 1956 1956 1956 1956 1956 1956 1956 -9999 -9999 -9999 -9999 -9999 -9999 -9999
1925 1925 1925 1925 1925 1925 1927 1927 1927 1927 1927 1927 1927 1927 1927 1927 1932 1932 1932 1932 1932 1932 1932 1932 1932 1932 1938 1938 1938 1938 1938 1938 1938 1938 1938 1938 1945 1945 1945 1945 1945 1945 1945 1945 1945 1945 1948 1948 1948 1948 1948 1948 1948 1948 1948 1948 1952 1952 1952 1952 1952 1952 1952 1952 1952 1952 1956 1956 1956 1956 1956 1956 1956 1956 -9999 -9999 -9999 -9999 -9999 -9999 -9999
1925 1925 1925 1925 1925 1925 1927 1927 1927 1927 1927 1927 1927 1927 1927 1927 1932 1932 1932 1932 1932 1932 1932 1932 1932 1932 1938 1938 1938 1938 1938 1938 1938 1938 1938 1938 1945 1945 1945 1945 1945 1945 1945 1945 1945 1945 1948 1948 1948 1948 1948 1948 1948 1948 1948 1948 1952 1952 1952 1952 1952 1952 1952 1952 1952 1952 1956 1956 1956 1956 1956 1956 1956 1956 -9999 -9999 -9999 -9999 -9999 -9999 -9999
1925 1925 1925 1925 1925 1925 1927 1927 1927 1927 1927 1927 1927 1927 1927 1927 1932 1932 1932 1932 1932 1932 1932 1932 1932 1932 1938 1938 1938 1938 1938 1938 1938 1938 1938 1938 1945 1945 1945 1945 1945 1945 1945 1945 1945 1945 1948 1948 1948 1948 1948 1948 1948 1948 1948 1948 1952 1952 1952 1952 1952 1952 1952 1952 1952 1952 1956 1956 1956 1956 1956 1956 1956 1956 -9999 -9999 -9999 -9999 -9999 -9999 -9999
1925 1925 1925 1925 1925 1925 1927 1927 1927 1927 1927 1927 1927 1927 1927 1927 1932 1932 1932 1932 1932 1932 1932 1932 1932 1932 1938 1938 1938 1938 1938 1938 1938 1938 1938 1938 1945 1945 1945 1945 1945 1945 1945 1945 1945 1945 1948 1948 1948 1948 1948 1948 1948 1948 1948 1948 1952 1952 1952 1952 1952 1952 1952 1952 1952 1952 1956 1956 1956 1956 1956 1956 1956 1956 -9999 -9999 -9999 -9999 -9999 -9999 -9999
1925 1925 1925 1925 1925 1925 1927 1927 1927 1927 1927 1927 1927 1927 1927 1927 1932 1932 1932 1932 1932 1932 1932 1932 1932 1932 1938 1938 1938 1938 1938 1938 1938 1938 1938 1938 1945 1945 1945 1945 1945 1945 1945 1945 1945 1945 1948 1948 1948 1948 1948 1948 1948 1948 1948 1948 1952 1952 1952 1952 1952 1952 1952 1952 1952 1952 1956 1956 1956 1956 1956 1956 1956 1956 -9999 -9999 -9999 -9999 -9999 -9999 -9999
1925 1925 1925 1925 1925 1925 1927 1927 1927 1927 1927 1927 1927 1927 1927 1927 1932 1932 1932 1932 1932 1932 1932 1932 1932 1932 1938 1938 1938 1938 1938 1938 1938 1938 1938 1938 1945 1945 1945 1945 1945 1945 1945 1945 1945 1945 1948 1948 1948 1948 1948 1948 1948 1948 1948 1948 1952 1952 1952 1952 1952 1952 1952 1952 1952 1952 1956 1956 1956 1956 1956 1956 1956 1956 -9999 -9999 -9999 -9999 -9999 -9999 -9999
1925 1925 1925 1925 1925 1925 1927 1927 1927 1927 1927 1927 1927 1927 1927 1927 1932 1932 1932 1932 1932 1932 1932 1932 1932 1932 1938 1938 1938 1938 1938 1938 1938 1938 1938 1938 1945 1945 1945 1945 1945 1945 1945 1945 1945 1945 1948 1948 1948 1948 1948 1948 1948 1948 1948 1948 1952 1952 1952 1952 1952 1952 1952 1952 1952 1952 1956 1956 1956 1956 1956 1956 1956 1956 1956 1956 -9999 -9999 -9999 -9999 -9999
1925 1925 1925 1925 1925 1925 1927 1927 1927 1927 1927 1927 1927 1927 1927 1927 1932 1932 1932 1932 1932 1932 1932 1932 1932 1932 1938 1938 1938 1938 1938 1938 1938 1938 1938 1938 1945 1945 1945 1945 1945 1945 1945 1945 1945 1945 1948 1948 1948 1948 1948 1948 1948 1948 1948 1948 1952 1952 1952 1952 1952 1952 1952 1952 1952 1952 1956 1956 1956 1956 1956 1956 1956 1956 1956 1956 1957 1957 -9999 -9999 1957
1925 1925 1925 1925 1925 1925 1927 1927 1927 1927 1927 1927 1927 1927 1927 1927 1932 1932 1932 1932 1932 1932 1932 1932 1932 1932 1938 1938 1938 1938 1938 1938 1938 1938 1938 1938 1945 1945 1945 1945 1945 1945 1945 1945 1945 1945 1948 1948 1948 1948 1948 1948 1948 1948 1948 1948 1952 1952 1952 1952 1952 1952 1952 1952 1952 1952 1956 1956 1956 1956 1956 1956 1956 1956 1956 1956 1957 1957 1957 1957 1957
1926 1926 1926 1926 1926 1926 1928 1928 1928 1928 1928 1928 1928 1928 1928 1928 1934 1934 1934 1934 1934 1934 1934 1934 1934 1934 1943 1943 1943 1943 1943 1943 1943 1943 1943 1943 1947 1947 1947 1947 1947 1947 1947 1947 1947 1947 1949 1949 1949 1949 1949 1949 1949 1949 1949 1949 1951 1951 1951 1951 1951 1951 1951 1951 1951 1951 1955 1955 1955 1955 1955 1955 1955 1955 1955 1955 1957 1957 1957 1957 1957
1926 1926 1926 1926 1926 1926 1928 1928 1928 1928 1928 1928 1928 1928 1928 1928 1934 1934 1934 1934 1934 1934 1934 1934 1934 1934 1943 1943 1943 1943 1943 1943 1943 1943 1943 1943 1947 1947 1947 1947 1947 1947 1947 1947 1947 1947 1949 1949 1949 1949 1949 1949 1949 1949 1949 1949 1951 1951 1951 1951 1951 1951 1951 1951 1951 1951 1955 1955 1955 1955 1955 1955 1955 1955 1955 1955 1957 1957 1957 1957 1957
1926 1926 1926 1926 1926 1926 1928 1928 1928 1928 1928 1928 1928 1928 1928 1928 1934 1934 1934 1934 1934 1934 1934 1934 1934 1934 1943 1943 1943 1943 1943 1943 1943 1943 1943 1943 1947 1947 1947 1947 1947 1947 1947 1947 1947 1947 1949 1949 1949 1949 1949 1949 1949 1949 1949 1949 1951 1951 1951 1951 1951 1951 1951 1951 1951 1951 1955 1955 1955 1955 1955 1955 1955 1955 1955 1955 1957 1957 1957 1957 1957
1926 1926 1926 1926 1926 1926 1928 1928 1928 1928 1928 1928 1928 1928 1928 1928 1934 1934 1934 1934 1934 1934 1934 1934 1934 1934 1943 1943 1943 1943 1943 1943 1943 1943 1943 1943 1947 1947 1947 1947 1947 1947 1947 1947 1947 1947 1949 1949 1949 1949 1949 1949 1949 1949 1949 1949 1951 1951 1951 1951 1951 1951 1951 1951 1951 1951 1955 1955 1955 1955 1955 1955 1955 1955 1955 1955 1957 1957 1957 1957 1957
1926 1926 1926 1926 1926 1926 1928 1928 1928 1928 1928 1928 1928 1928 1928 1928 1934 1934 1934 1934 1934 1934 1934 1934 1934 1934 1943 1943 1943 1943 1943 1943 1943 1943 1943 1943 1947 1947 1947 1947 1947 1947 1947 1947 1947 1947 1949 1949 1949 1949 1949 1949 1949 1949 1949 1949 1951 1951 1951 1951 1951 1951 1951 1951 1951 1951 1955 1955 1955 1955 1955 1955 1955 1955 1955 1955 1957 1957 1957 1957 1957
1926 1926 1926 1926 1926 1926 1928 1928 1928 1928 1928 1928 1928 1928 1928 1928 1934 1934 1934 1934 1934 1934 1934 1934 1934 1934 1943 1943 1943 1943 1943 1943 1943 1943 1943 1943 1947 1947 1947 1947 1947 1947 1947 1947 1947 1947 1949 1949 1949 1949 1949 1949 1949 1949 1949 1949 1951 1951 1951 1951 1951 1951 1951 1951 1951 1951 1955 1955 1955 1955 1955 1955 1955 1955 1955 1955 1957 1957 1957 1957 1957
1926 1926 1926 1926 1926 1926 1928 1928 1928 1928 1928 1928 1928 1928 1928 1928 1934 1934 1934 1934 1934 1934 1934 1934 1934 1934 1943 1943 1943 1943 1943 1943 1943 1943 1943 1943 1947 1947 1947 1947 1947 1947 1947 1947 1947 1947 1949 1949 1949 1949 1949 1949 1949 1949 1949 1949 1951 1951 1951 1951 1951 1951 1951 1951 1951 1951 1955 1955 1955 1955 1955 1955 1955 1955 1955 1955 1957 1957 1957 1957 1957
1926 1926 1926 1926 1926 1926 1928 1928 1928 1928 1928 1928 1928 1928 1928 1928 1934 1934 1934 1934 1934 1934 1934 1934 1934 1934 1943 1943 1943 1943 1943 1943 1943 1943 1943 1943 1947 1947 1947 1947 1947 1947 1947 1947 1947 1947 1949 1949 1949 1949 1949 1949 1949 1949 1949 1949 1951 1951 1951 1951 1951 1951 1951 1951 1951 1951 1955 1955 1955 1955 1955 1955 1955 1955 1955 1955 1957 1957 1957 1957 1957
1926 1926 1926 1926 1926 1926 1928 1928 1928 1928 1928 1928 1928 1928 1928 1928 1934 1934 1934 1934 1934 1934 1934 1934 1934 1934 1943 1943 1943 1943 1943 1943 1943 1943 1943 1943 1947 1947 1947 1947 1947 1947 1947 1947 1947 1947 1949 1949 1949 1949 1949 1949 1949 1949 1949 1949 1951 1951 1951 1951 1951 1951 1951 1951 1951 1951 1955 1955 1955 1955 1955 1955 1955 1955 1955 1955 1957 1957 1957 1957 1957
1926 1926 1926 1926 1926 1926 1928 1928 1928 1928 1928 1928 1928 1928 1928 1928 1934 1934 1934 1934 1934 1934 1934 1934 1934 1934 1943 1943 1943 1943 1943 1943 1943 1943 1943 1943 1947 1947 1947 1947 1947 1947 1947 1947 1947 1947 1949 1949 1949 1949 1949 1949 1949 1949 1949 1949 1951 1951 1951 1951 1951 1951 1951 1951 1951 1951 1955 1955 1955 1955 1955 1955 1955 1955 1955 1955 1957 1957 1957 1957 1957
1924 1924 1924 1924 1924 1924 1926 1926 1926 1926 1926 1926 1926 1926 1926 1926 1935 1935 1935 1935 1935 1935 1935 1935 1935 1935 1942 1942 1942 1942 1942 1942 1942 1942 1942 1942 1947 1947 1947 1947 1947 1947 1947 1947 1947 1947 1943 1943 1943 1943 1943 1943 1943 1943 1943 1943 1946 1946 1946 1946 1946 1946 1946 1946 1946 1946 1950 1950 1950 1950 1950 1950 1950 1950 1950 1950 1951 1951 1951 1951 1951
1924 1924 1924 1924 1924 1924 1926 1926 1926 1926 1926 1926 1926 1926 1926 1926 1935 1935 1935 1935 1935 1935 1935 1935 1935 1935 1942 1942 1942 1942 1942 1942 1942 1942 1942 1942 1947 1947 1947 1947 1947 1947 1947 1947 1947 1947 1943 1943 1943 1943 1943 1943 1943 1943 1943 1943 1946 1946 1946 1946 1946 1946 1946 1946 1946 1946 1950 1950 1950 1950 1950 1950 1950 1950 1950 1950 1951 1951 1951 1951 1951
1924 1924 1924 1924 1924 1924 1926 1926 1926 1926 1926 1926 1926 1926 1926 1926 1935 1935 1935 1935 1935 1935 1935 1935 1935 1935 1942 1942 1942 1942 1942 1942 1942 1942 1942 1942 1947 1947 1947 1947 1947 1947 1947 1947 1947 1947 1943 1943 1943 1943 1943 1943 1943 1943 1943 1943 1946 1946 1946 1946 1946 1946 1946 1946 1946 1946 1950 1950 1950 1950 1950 1950 1950 1950 1950 1950 1951 1951 1951 1951 1951
1924 1924 1924 1924 1924 1924 1926 1926 1926 1926 1926 1926 1926 1926 1926 1926 1935 1935 1935 1935 1935 1935 1935 1935 1935 1935 1942 1942 1942 1942 1942 1942 1942 1942 1942 1942 1947 1947 1947 1947 1947 1947 1947 1947 1947 1947 1943 1943 1943 1943 1943 1943 1943 1943 1943 1943 1946 1946 1946 1946 1946 1946 1946 1946 1946 1946 1950 1950 1950 1950 1950 1950 1950 1950 1950 1950 1951 1951 1951 1951 1951
