MyMainGIS/bin/Debug/Data/DLS_Input/highRisk_economic/sc1gr5.grid
ncols         442
nrows         735
xllcorner     -502080.37185814
yllcorner     2671876.5851211
cellsize      100
NODATA_value  -9999
[rows 348 to 376 of 735, columns 66 to 131 of 442]
0.7182291 0.7060779 0.6970918 0.6881061 0.6761257 0.6671409 0.6579856 0.6460038 0.6370181 0.6280327 0.6160527 0.6068978 0.5979114 0.58593 0.5769445 0.5679595 0.5558102 0.5468236 0.5378373 0.5258564 0.5168713 0.5078868 0.4957359 0.4867494 0.4777635 0.4657832 0.4567986 0.4476438 0.4356616 0.4266755 0.4176901 0.4057105 0.3965564 0.3875694 0.3755876 0.3666019 0.3576171 0.3454692 0.3364818 0.327495 0.3155139 0.306529 0.2973785 0.2853945 0.2764073 0.267421 0.2554408 0.2464569 0.2373036 0.2253198 0.2163331 0.2073475 0.1953689 0.1862176 0.1772287 0.1652453 0.1562594 0.1472753 0.1351333 0.1261428 0.1171537 0.1051713 0.09618732 0.08705171 0.07505997 0.06606814
0.7190306 0.7068423 0.697866 0.6888905 0.6769239 0.6679499 0.6587511 0.6467836 0.6378087 0.6288346 0.6168703 0.6076685 0.5986935 0.5867282 0.5777552 0.5687829 0.5565869 0.547613 0.53864 0.5266774 0.5177065 0.5087367 0.496534 0.4875623 0.4785917 0.4666326 0.4576648 0.4484473 0.4364871 0.4275184 0.4185511 0.4065968 0.3973726 0.3884044 0.3764492 0.3674847 0.358522 0.3463019 0.3373366 0.3283733 0.3164254 0.3074671 0.2982247 0.2862761 0.2773175 0.2683617 0.2564254 0.2474773 0.2382121 0.2262764 0.2173292 0.2083867 0.1964714 0.1871817 0.1782414 0.166331 0.1574071 0.1484924 0.1361947 0.1272792 0.1183765 0.1065317 0.09767292 0.08532878 0.0735459 0.0647611
0.716774 0.7045594 0.6955925 0.6866265 0.6746733 0.6657094 0.6564792 0.6445254 0.6355612 0.6265979 0.6146487 0.6054131 0.5964495 0.5844998 0.5755389 0.5665792 0.554351 0.5453898 0.5364299 0.5244855 0.5155289 0.5065738 0.4943359 0.4853792 0.4764242 0.4644868 0.4555359 0.4462745 0.4343374 0.4253869 0.4164385 0.4045108 0.3952379 0.38629 0.3743635 0.3654217 0.3564828 0.3442165 0.335276 0.3263388 0.3144281 0.3054996 0.2961959 0.2842886 0.2753634 0.2664432 0.2545584 0.2452305 0.2363155 0.2244393 0.2155412 0.2066519 0.1948153 0.1854427 0.1765673 0.1647544 0.1559134 0.1470918 0.1347331 0.1259286 0.1171537 0.105513 0.09684008 0.08736131 0.07589467 0.06741662
0.7176211 0.7053829 0.6964266 0.6874714 0.6755331 0.6665808 0.6573218 0.6453836 0.6364315 0.6274807 0.6155486 0.6062821 0.5973315 0.5853999 0.5764529 0.5675077 0.5552513 0.5463049 0.5373602 0.5254369 0.5164969 0.507213 0.4952908 0.4863517 0.4774149 0.4655029 0.456572 0.4472717 0.4353619 0.4264328 0.4175069 0.4056107 0.3962953 0.3873719 0.3754797 0.3665651 0.3576549 0.345352 0.3364417 0.3275363 0.3156707 0.3067784 0.297424 0.2855678 0.2766839 0.2678078 0.2559863 0.2466029 0.2377394 0.225938 0.2171014 0.2082787 0.1959209 0.1871096 0.1783171 0.1666283 0.1578924 0.1491878 0.136821 0.1281601 0.1195492 0.1081665 0.09972462 0.09024965 0.07874643 0.0702282
0.7189242 0.7066576 0.6977177 0.6887794 0.6768641 0.6679296 0.658635 0.6467209 0.6377876 0.6288561 0.6169506 0.6076463 0.5987161 0.5868126 0.5778875 0.5689648 0.5566759 0.5477527 0.5388321 0.5269421 0.518028 0.5087013 0.4968148 0.4879037 0.4789958 0.4671242 0.4577827 0.4488786 0.4370126 0.428118 0.4192279 0.4073819 0.3980176 0.3891336 0.377297 0.3684264 0.3595622 0.3472233 0.3383622 0.3295087 0.3177168 0.3088835 0.2994745 0.287703 0.2788871 0.2700833 0.258366 0.2489277 0.2401499 0.2284732 0.2197385 0.2110261 0.198658 0.1899737 0.1813202 0.1698382 0.1612762 0.1527645 0.1404564 0.1318977 0.1233288 0.1120089 0.103097 0.093771 0.08188406 0.07299315
0.7200313 0.7077457 0.6988197 0.6898956 0.678 0.6690807 0.6597613 0.647868 0.6389507 0.6300357 0.6181529 0.6088226 0.59991 0.5880306 0.5791243 0.570221 0.5579113 0.5490082 0.5401083 0.5282471 0.5193554 0.51 0.4981446 0.4892576 0.4803748 0.4685381 0.4591666 0.4502899 0.4384621 0.4295975 0.4207386 0.4089364 0.399541 0.3906917 0.3789037 0.3700716 0.3612478 0.3488911 0.3400735 0.3312657 0.3195387 0.3107571 0.3013171 0.2896204 0.2808647 0.272125 0.2604995 0.2510339 0.2423324 0.2307661 0.2221216 0.2135064 0.2011566 0.1925851 0.1840543 0.172702 0.164125 0.1553641 0.143028 0.1341641 0.1253196 0.113565 0.1047855 0.09534149 0.08367795 0.075
0.7208307 0.7089464 0.7000357 0.6911274 0.6792533 0.6703506 0.6610083 0.6491379 0.6402382 0.6313414 0.6194836 0.6101295 0.6012362 0.5893836 0.580498 0.5716161 0.5592888 0.550408 0.5415311 0.5297018 0.5208349 0.5114538 0.4996329 0.4907728 0.4819181 0.4701202 0.4607223 0.4518761 0.4400909 0.4312598 0.4224358 0.4100792 0.4012605 0.39245 0.3807164 0.3719274 0.3631487 0.350782 0.3420132 0.3332567 0.3216023 0.3128786 0.3034155 0.291803 0.2831148 0.2744467 0.262924 0.2534423 0.2448265 0.2333838 0.2248399 0.2163331 0.2040221 0.1953458 0.1865074 0.1747484 0.1659518 0.1571783 0.1448102 0.1360625 0.1273499 0.1158016 0.1072054 0.09771898 0.08637708 0.078
0.7196124 0.7077584 0.6988713 0.6899869 0.678146 0.668778 0.6598977 0.6480625 0.6391901 0.6303213 0.6185023 0.6091182 0.600255 0.5884437 0.5795904 0.5707416 0.558395 0.5495489 0.5407079 0.5289282 0.5201 0.5106878 0.4989209 0.490103 0.481292 0.4695551 0.4601261 0.451328 0.4396101 0.4308317 0.4220628 0.409695 0.4009351 0.3921862 0.3805391 0.3718185 0.3631116 0.3507435 0.3420526 0.3333782 0.32184 0.3132092 0.3037269 0.2922499 0.2836706 0.2751182 0.2635906 0.2541692 0.2453589 0.2336343 0.22486 0.2161041 0.2037351 0.195 0.1862901 0.1747226 0.1660873 0.1574929 0.1451516 0.1366236 0.1281601 0.117 0.1087474 0.09931767 0.08858894 0.08049845
0.7210554 0.7092257 0.700357 0.6914918 0.6796771 0.6702902 0.6614303 0.649623 0.6407722 0.6319256 0.620137 0.610734 0.6018946 0.5901161 0.5812882 0.5724657 0.560109 0.5512903 0.5424776 0.5307372 0.5219396 0.5125086 0.5007844 0.492 0.4832235 0.4715347 0.4620877 0.4533277 0.4416628 0.4329261 0.4242004 0.4118313 0.4031178 0.3944173 0.3828381 0.3741711 0.3655202 0.35316 0.3445301 0.3359196 0.3244719 0.315913 0.3064262 0.2948101 0.2860245 0.2772526 0.2655805 0.2561269 0.2473863 0.2357626 0.2270705 0.2184033 0.2060413 0.1974082 0.1888094 0.1774063 0.1689083 0.160465 0.1481891 0.1398464 0.1315903 0.1207477 0.1127298 0.103315 0.09266067 0.08490583
0.7226078 0.7108037 0.7019551 0.6931104 0.6813237 0.6719196 0.6630815 0.6513041 0.6424764 0.6336537 0.621297 0.6124777 0.6036638 0.5919206 0.58312 0.5743257 0.5619617 0.5531726 0.5443905 0.5326923 0.5239275 0.5144803 0.5028021 0.4940537 0.4853144 0.4736771 0.4642155 0.4554964 0.4438885 0.4351965 0.4265173 0.4141521 0.4054886 0.39684 0.3853336 0.376724 0.3681331 0.3557879 0.3471973 0.3384154 0.3267246 0.3179717 0.308519 0.2968636 0.2881406 0.2794352 0.2678582 0.2583835 0.2497219 0.2382121 0.2296127 0.2210452 0.2087103 0.2001924 0.1917185 0.1804993 0.172154 0.163878 0.1517004 0.1435618 0.1355323 0.1247798 0.1168461 0.1075407 0.09693296 0.08863972
0.7248462 0.7130793 0.7042592 0.6954437 0.6836973 0.674273 0.665466 0.6537316 0.6449372 0.6361486 0.6237836 0.615 0.6062227 0.5945301 0.5857688 0.5770147 0.5646459 0.5558993 0.5471609 0.5355231 0.5268055 0.5173413 0.5057292 0.4970322 0.4883462 0.4767829 0.4673072 0.4586469 0.4471208 0.4384929 0.4298802 0.4175284 0.4089364 0.4002499 0.3885666 0.3798171 0.3710795 0.3587102 0.3499857 0.3412755 0.3296862 0.321014 0.3115381 0.3 0.2913709 0.2827649 0.2713301 0.2618434 0.2533002 0.2419607 0.2334995 0.22508 0.2128098 0.2044627 0.1961734 0.1852242 0.1771017 0.1677051 0.1569777 0.1489463 0.1410319 0.1303879 0.1221556 0.1127298 0.102 0.09391486
0.7266505 0.7149133 0.7061161 0.6973242 0.6856099 0.6761723 0.6673904 0.6556905 0.6469227 0.6381614 0.6257931 0.6170381 0.6082903 0.5966381 0.5879081 0.5791865 0.5668174 0.5581048 0.5494015 0.5378122 0.5291323 0.5196586 0.5080994 0.4994437 0.4908004 0.4792963 0.4698138 0.4612006 0.4497199 0.4409592 0.4322083 0.4198393 0.4110985 0.4023692 0.3907493 0.3820497 0.3733644 0.3609986 0.3523308 0.3436801 0.3321747 0.3235692 0.3140844 0.3026434 0.2940918 0.2855678 0.2742499 0.2647659 0.2563201 0.2451204 0.236772 0.2284732 0.2162707 0.2080625 0.1999225 0.1891904 0.1811215 0.1717353 0.1611366 0.1532351 0.1449966 0.1341641 0.1261428 0.1167305 0.1060236 0.09794897
0.7285616 0.7168556 0.7080826 0.6993154 0.6876351 0.6781858 0.6694304 0.6577667 0.6490269 0.6402945 0.6279252 0.6192003 0.6104834 0.5988739 0.5901771 0.5814894 0.569123 0.5604463 0.5517798 0.5402416 0.5316014 0.5221207 0.5106173 0.502005 0.4933518 0.4816845 0.4693155 0.4605757 0.4489388 0.4402238 0.4315206 0.4191527 0.4104631 0.4017873 0.3902422 0.3816019 0.3721209 0.3606245 0.3520241 0.3434443 0.3320391 0.3235135 0.3140271 0.3027028 0.2942448 0.2858199 0.2746434 0.2651735 0.2568463 0.245817 0.2376068 0.2294559 0.2173499 0.2093132 0.2012461 0.1905886 0.1827047 0.1733263 0.1623884 0.1542887 0.1462635 0.1355323 0.1261428 0.118072 0.1072054 0.09868131
0.7283578 0.7166987 0.7079619 0.6992317 0.6876023 0.6781393 0.6694236 0.6578146 0.6491171 0.640428 0.6280613 0.6193819 0.6107119 0.5991669 0.5905201 0.581884 0.5695261 0.5609037 0.5522771 0.5406163 0.5318806 0.5224223 0.5107847 0.5020677 0.4933609 0.4817686 0.4722975 0.4636141 0.4520553 0.4434016 0.434762 0.4224039 0.4137826 0.4051777 0.3937322 0.3851701 0.3756834 0.3642993 0.3557879 0.347301 0.3360268 0.3276049 0.3181273 0.3069544 0.2986168 0.2903188 0.2793224 0.2698833 0.2617059 0.2508904 0.2428518 0.2347871 0.2227285 0.2147673 0.206826 0.1959209 0.1878297 0.1784433 0.1677051 0.1596778 0.1516113 0.1404564 0.1309733 0.1225602 0.1114854 0.103315
0.7305231 0.7188992 0.7101894 0.701487 0.6898956 0.6804249 0.6717387 0.6601704 0.6515044 0.6428475 0.6304855 0.62184 0.6132047 0.6017076 0.5930067 0.5842687 0.5718995 0.5631696 0.5544484 0.5428342 0.5341348 0.5246657 0.5130789 0.5044016 0.4957359 0.4842004 0.474721 0.4660826 0.4545866 0.4459821 0.4373934 0.4250482 0.4164817 0.4079338 0.3965678 0.3880683 0.3785829 0.3672887 0.3588482 0.3504354 0.3392654 0.3297954 0.3214623 0.3104094 0.3021672 0.2939694 0.2831148 0.2737079 0.2656483 0.2549118 0.2468947 0.2389477 0.2269317 0.2187533 0.2106419 0.1999225 0.1918593 0.1824829 0.1717353 0.1632728 0.1548709 0.1437811 0.1343317 0.1261428 0.1154123 0.1073313
0.7327926 0.7212052 0.7125237 0.7038502 0.6922984 0.6828213 0.6741661 0.6626402 0.6540069 0.6453836 0.6330284 0.6242884 0.6155559 0.6039246 0.5952109 0.5857456 0.5741376 0.5654423 0.5567567 0.5451917 0.5365305 0.5270531 0.5155201 0.5068846 0.498262 0.4867864 0.4773018 0.468711 0.4572811 0.4487282 0.4401931 0.4278656 0.4193566 0.4108686 0.399586 0.3911521 0.3816726 0.3704727 0.3621064 0.3537711 0.3427098 0.3332567 0.3250123 0.3140844 0.3059412 0.2978473 0.2871237 0.2777229 0.2696832 0.2590618 0.2510159 0.2428703 0.2307661 0.2227285 0.2146625 0.2039338 0.1955761 0.1860968 0.1749285 0.1666283 0.1584045 0.1475805 0.1381955 0.1301461 0.1194362 0.1113643
0.735979 0.7244425 0.7158002 0.7071669 0.6955925 0.6861348 0.6774024 0.6657702 0.6570548 0.6483471 0.6359788 0.6272798 0.6185895 0.6070164 0.5983477 0.5888718 0.5773266 0.56868 0.5600446 0.548549 0.5399417 0.5304574 0.519 0.5104234 0.5018615 0.4904702 0.4809833 0.4724595 0.4611226 0.4526422 0.4441824 0.4318854 0.4234572 0.415053 0.4038874 0.3955452 0.3860803 0.375012 0.3667493 0.358522 0.3476118 0.3381893 0.3300682 0.3193133 0.3112636 0.3032227 0.2911855 0.283242 0.2751182 0.2643066 0.2562674 0.2482035 0.236144 0.2278815 0.2194926 0.2083867 0.200125 0.190683 0.1797999 0.1717353 0.1636857 0.1529706 0.1435618 0.1355323 0.1247798 0.1167305
0.7384877 0.7268797 0.7181539 0.709435 0.6978209 0.6883546 0.6796507 0.6680576 0.6593724 0.6506958 0.6383306 0.6296642 0.6210072 0.6094801 0.6008469 0.5913654 0.5798698 0.5712618 0.5626659 0.551225 0.5417389 0.5331736 0.5217758 0.5132456 0.5047316 0.4934065 0.4839215 0.4754503 0.4641864 0.4557631 0.4473622 0.4350931 0.4267283 0.4183897 0.4045553 0.3962953 0.3868488 0.3758989 0.3677295 0.3595998 0.3488266 0.3394378 0.331388 0.3206774 0.3127059 0.3046588 0.2925269 0.284431 0.276391 0.2656483 0.2573888 0.2490181 0.236772 0.2284732 0.2202294 0.2093347 0.2012461 0.1918593 0.1811215 0.1730925 0.1650273 0.1542887 0.1449034 0.1368539 0.1261428 0.118072
0.7378293 0.7262231 0.717527 0.7088385 0.6972661 0.6877921 0.6791208 0.6675724 0.6589218 0.6502807 0.6379216 0.6292925 0.6206738 0.6091995 0.6006072 0.5911219 0.5796835 0.57112 0.56257 0.5511923 0.5417056 0.5331904 0.5218621 0.5133858 0.5049278 0.4936801 0.4842004 0.4757909 0.4646128 0.4562565 0.4479252 0.4356925 0.4274026 0.419142 0.4081765 0.3999913 0.390565 0.3797223 0.3716369 0.3635946 0.3528541 0.3434705 0.3354773 0.3247769 0.3166528 0.3085774 0.2965147 0.2884527 0.2802231 0.2690818 0.2607757 0.2525173 0.2403373 0.2321659 0.224058 0.2133378 0.2052754 0.1958979 0.1851513 0.1771017 0.169068 0.1583193 0.1489463 0.1408723 0.1301461 0.1221188
0.7339891 0.7293888 0.7207308 0.7120814 0.7005627 0.6910818 0.6824522 0.6709612 0.6623549 0.6537591 0.6414109 0.6328294 0.6242596 0.6128523 0.604312 0.5948252 0.5834595 0.5749521 0.5664601 0.5551621 0.5456785 0.5372262 0.5259848 0.5175761 0.5091876 0.4969235 0.4885673 0.4802343 0.469162 0.4608883 0.4526422 0.4404588 0.4322604 0.4240943 0.4132602 0.4051777 0.395784 0.3850532 0.3770106 0.3690122 0.3583085 0.3488911 0.3407873 0.3300546 0.3219938 0.3136399 0.3013918 0.2930802 0.2848105 0.2738558 0.2656991 0.2575985 0.2455239 0.2374742 0.2294362 0.2186916 0.2106419 0.2012461 0.1905177 0.1824829 0.1744133 0.1636857 0.1542887 0.1462635 0.1355323 0.1274559
-9999 0.7318832 0.7232551 0.7146363 0.7031593 0.693675 -9999 0.6736319 0.6650602 0.6564998 0.6441622 0.6356178 0.6270862 0.6157312 0.6072314 0.5977458 0.5864367 0.5779732 0.5695261 0.5582902 0.5488114 0.5404082 0.5292343 0.5208781 0.5125437 0.5003079 0.4920091 0.4837354 0.4727452 0.4645353 0.4563551 0.4442128 0.4360849 0.4279918 0.4172589 0.4092004 0.3998112 0.3891336 0.3811417 0.3730147 0.362243 0.3528541 0.3448043 0.3337019 0.3253859 0.3171072 0.3049098 0.2966968 0.2885308 0.2777229 0.2696832 0.26162 0.2495596 0.2414953 0.2334609 0.2227285 0.2146625 0.2052754 0.1945379 0.1865074 0.1784433 0.1677051 0.1583193 0.1502698 0.1395565 0.1314877
-9999 0.7301781 -9999 -9999 -9999 -9999 -9999 -9999 -9999 0.6593519 0.6470271 0.638521 0.6300285 0.6187277 0.6102696 0.600787 0.5895362 0.5811179 0.5727172 0.5615452 0.5520734 0.5437205 0.5326161 0.5243138 0.5160348 0.5038303 0.4955906 0.4873777 0.4764714 0.4683268 0.460214 0.4481161 0.4400602 0.4320104 0.4212944 0.4133038 0.4039431 0.3931374 0.3850532 0.3770106 0.3660123 0.3565459 0.3482327 0.3372032 0.3289757 0.3207896 0.3086503 0.3005395 0.2924808 0.2817446 0.2737079 0.2656483 0.2535843 0.2455239 0.2374742 0.2267532 0.2186916 0.2093132 0.1985674 0.1905177 0.1824829 0.1717353 0.1623607 0.1542887 0.1435618 0.1355323
-9999 -9999 -9999 -9999 -9999 -9999 -9999 -9999 -9999 0.6633257 0.6510208 0.6425675 0.6341293 0.6229029 0.6145023 0.6050265 0.593856 0.5854998 0.5771629 0.5660786 0.5566192 0.5483357 0.5373267 0.5290983 0.5208954 0.5087367 0.5005777 0.4924479 0.4816565 0.4736011 0.4655513 0.4534765 0.4454571 0.4374757 0.4266755 0.4185941 0.4092004 0.3983227 0.39 0.381708 0.3707034 0.3612603 0.3530581 0.3394775 0.331388 0.3233466 0.3112636 0.3032227 0.2951609 0.284431 0.276391 0.267 0.2562674 0.2482035 0.2401687 0.2294362 0.2213707 0.2119835 0.2012461 0.1932149 0.1851513 0.1744133 0.1650273 0.1569777 0.1462635 0.1381955
-9999 -9999 -9999 -9999 -9999 -9999 -9999 -9999 -9999 0.6636241 0.6513386 0.6429315 0.6345408 0.6233795 0.6150293 0.6055617 0.594462 0.5861604 0.5778797 0.566873 0.5574272 0.5492049 0.5382806 0.5301179 0.5219828 0.5098676 0.5017808 0.4937256 0.4829907 0.4749579 0.4669604 0.4549132 0.4467986 0.4387186 0.4278551 0.419539 0.4100792 0.3990451 0.3908069 0.3826029 0.3717217 0.3623051 0.3542033 0.3434705 0.3354102 0.3273713 0.3152856 0.3072475 0.2991889 0.2884527 0.2804158 0.2710148 0.2602921 0.252232 0.2441823 0.2334609 0.2253996 0.2160208 0.2052754 0.1972257 0.1891904 0.1784433 0.169068 0.1609969 0.1503596 0.1425237
-9999 -9999 -9999 -9999 -9999 -9999 -9999 -9999 -9999 0.6668508 0.6545846 0.6462198 0.6378723 0.6267703 0.6184658 0.6090074 0.5979716 0.5897194 0.5814894 0.5705523 0.5611203 0.552953 0.5421042 0.534 0.5259249 0.5138502 0.5058004 0.4977559 0.4870821 0.4790334 0.4709331 0.4588431 0.4506994 0.4423856 0.4313433 0.4230958 0.4136521 0.4027158 0.3945542 0.3864298 0.3756594 0.3662704 0.3582206 0.3474953 0.3394378 0.331388 0.3193133 0.3112636 0.3032227 0.2924808 0.284431 0.2750364 0.2643066 0.2562674 0.2482035 0.2374742 0.2280789 0.2200455 0.2093132 0.2012461 0.1932149 0.1824829 0.1731185 0.165218 0.1548709 0.1472753
-9999 -9999 -9999 -9999 -9999 -9999 -9999 -9999 -9999 0.6713166 0.6590789 0.6507718 0.6424835 0.6314626 0.6232207 0.6137769 0.6028283 0.5946436 0.5864827 0.5756405 0.5662296 0.5581371 0.5473911 0.5393413 0.5312966 0.5192427 0.5112514 0.50316 0.492384 0.4841539 0.4746925 0.4636432 0.4553877 0.447161 0.4362396 0.4280864 0.4186693 0.4078676 0.3998112 0.3917614 0.3810354 0.3716369 0.3635946 0.3528541 0.3448043 0.3367625 0.3246798 0.3166386 0.3085774 0.2978473 0.2898068 0.2804158 0.2696832 0.26162 0.2535843 0.2428518 0.2334609 0.2253996 0.2146625 0.2066519 0.1987259 0.1883083 0.1790475 0.1714205 0.1609969 0.153
-9999 -9999 -9999 -9999 -9999 -9999 -9999 -9999 -9999 -9999 0.6625723 0.6543096 0.6460665 0.6351079 0.6269138 0.6174828 0.6066012 0.5984681 0.59036 0.5795904 0.5701973 0.5621539 0.5514209 0.5434059 0.5353971 0.5232829 0.5151971 0.507 0.4959445 0.4876823 0.4782342 0.4672686 0.4590784 0.450919 0.4400909 0.4320104 0.4226168 0.4118859 0.4038428 0.395784 0.3850532 0.3756594 0.3676194 0.3568865 0.3488266 0.3407873 0.328702 0.3206634 0.3126052 0.3018692 0.2938316 0.284431 0.2737079 0.2656483 0.2575985 0.2468765 0.2374742 0.2294362 0.2188355 0.2109834 0.2032265 0.1914367 0.1838097 0.1757754 0.165218 0.1574357
-9999 -9999 -9999 -9999 -9999 -9999 -9999 -9999 -9999 -9999 0.6661689 0.6579514 0.6497546 0.6388592 0.6307139 0.621297 0.6104834 0.6024027 0.5943484 0.5836137 0.5742238 0.5661979 0.5555186 0.5474157 0.5393079 0.5270787 0.5187919 0.5105292 0.4995518 0.4913502 0.4819181 0.4710382 0.4629147 0.4548241 0.4440912 0.4346999 0.4266439 0.4159086 0.4078676 0.3998112 0.3890758 0.3796867 0.3716369 0.3609113 0.3528541 0.3448043 0.3327296 0.3246798 0.3166386 0.3058971 0.2978473 0.2884527 0.2777229 0.2696832 0.26162 0.2509442 0.2415885 0.2336921 0.2232935 0.2156038 0.2079543 0.1958979 0.1879495 0.1801 0.1698117 0.1622498
-9999 -9999 -9999 -9999 -9999 -9999 -9999 -9999 -9999 -9999 -9999 0.6602523 0.6521257 0.6413268 0.6332558 0.623863 0.6131313 0.6050859 0.5966381 0.585 0.5769445 0.5683397 0.5567567 0.5480812 0.5394164 0.528724 0.5201 0.511489 0.500029 0.4914509 0.4838285 0.4724595 0.4639537 0.4554668 0.4441824 0.4368066 0.4284122 0.4172589 0.4089254 0.4006208 0.3904267 0.3823676 0.3743274 0.3635946 0.3555348 0.3474953 0.3354102 0.3273713 0.3193133 0.3085774 0.3005395 0.2911391 0.2804318 0.272472 0.2645789 0.2541692 0.2449 0.2372277 0.226773 0.2188355 0.2109834 0.1991105 0.1914367 0.1838831 0.1739483 0.1664121
